706.782
763.454
607.19
765.047
963.457
625.537
934.652
261.482
996.584
82.0686
219.92
676.957
407.079
520.556
996.106
731.445
223.845
183.383
271.214
104.122
405.29
935.999
18.8126
565.023
880.64
290.667
86.4808
227.09
174.403
659.061
780.493
881.184
422.515
387.682
646.231
385.972
13.2198
580.883
647.454
9.80375
662.952
867.374
686.761
70.0307
387.93
682.867
801.476
611.775
866.249
72.6898
715.896
271.54
8.68918
734.709
836.563
889.33
25.3761
923.044
116.42
199.779
582.105
896.912
80.963
4.6197
284.595
727.194
390.592
297.815
308.078
38.0463
307.618
971.03
905.42
994.379
41.0603
293.35
677.246
842.536
905.125
543.496
915.226
621.021
815.035
923.915
355.73
651.599
813.245
381.106
574.642
929.664
580.885
156.747
826.577
661.848
161.367
111.172
389.042
551.959
408.986
697.12
590.005
716.604
668.149
495.426
710.984
709.209
788.776
388.23
551.746
693.901
931.726
466.972
314.922
746.761
390.887
670.652
398.36
204.131
51.758
973.002
133.796
632.643
129.75
960.373
294.49
291.116
71.5444
683.532
843.075
480.531
380.652
433.081
197.135
48.801
928.507
908.119
758.01
717.283
296.349
309.756
411.183
228.075
776.728
726.105
974.836
167.614
396.757
373.196
371.746
448.515
346.198
505.542
81.1579
475.948
465.914
375.648
767.064
537.459
59.1808
610.14
17.9894
439.833
43.2205
215.124
488.634
971.727
123.243
246.644
689.01
419.592
556.4
100.193
647.667
333.128
826.298
622.503
500.742
223.055
995.699
872.488
671.571
341.898
378.029
752.728
817.846
843.944
128.377
584.91
381.403
187.558
195.05
399.392
627.39
238.27
614.517
116.024
209.997
737.76
362.668
899.007
157.352
919.068
999.2
805.019
252.196
825.498
427.522
752.938
48.5535
423.222
625.426
720.124
765.12
3.45559
472.853
582.965
847.4
601.229
167.875
228.802
788.787
362.925
628.195
416.178
601.195
242.711
532.202
811.193
980.471
894.87
710.2
137.823
813.939
709.4
942.843
66.1348
534.898
370.365
819.073
583.451
793.587
444.499
303.575
558.707
447.955
776.428
141.672
295.354
377.657
309.547
524.157
166.444
672.472
152.352
582.622
273.668
395.063
114.824
84.8604
375.534
9.69368
795.06
513.358
823.632
504.46
456.201
889.767
39.3577
826.566
708.84
622.809
620.153
153.339
926.384
178.859
601.294
702.812
320.531
896.648
80.4695
630.078
420.805
246.914
302.55
573.157
829.536
576.218
968.22
944.359
661.078
343.754
954.053
456.139
857.112
777.685
960.598
313.313
667.452
999.956
139.879
376.293
622.765
760.031
529.632
549.149
938.89
130.926
251.962
259.421
27.5744
332.431
889.5
448.38
579.345
192.05
21.5368
408.881
768.268
989.757
353.24
429.346
333.511
307.294
885.485
190.624
84.9789
846.083
503.937
752.431
846.039
643.815
128.724
468.805
403.846
658.356
17.9539
342.737
789.282
269.916
602.158
816.856
602.347
491.658
265.236
181.692
683.708
286.773
590.573
451.976
276.53
943.813
881.322
610.041
251.107
766.807
800.665
336.085
612.891
304.601
88.5167
458.93
948.417
217.241
927.735
352.263
875.596
945.688
695
664.878
215.604
297.158
481.734
817.951
788.816
746.97
999.643
472.524
33.7422
590.215
924.499
310.272
534.028
805.821
920.313
785.135
572.629
720.977
121.221
185.519
25.5787
209.737
644.449
973.995
426.978
572.184
326.258
302.574
517.872
21.2579
967.452
733.476
318.416
449.185
551.427
107.232
196.155
551.069
579.755
229.897
141.285
504.255
540.169
675.313
310.076
460.481
460.448
882.705
181.459
581.669
68.2236
207.038
791.406
712.673
181.033
218.384
284.856
507.291
520.958
802.728
528.549
488.409
536.204
846.965
937.595
87.631
954.196
133.749
638.7
533.952
363.646
779.985
38.2063
903.815
455.298
348.282
364.297
915.747
230.987
545.755
497.415
299.21
752.793
288.821
11.8829
933.826
507.205
296.739
441.117
28.1627
99.4672
969.666
516.572
635.671
816.63
454.167
723.302
770.827
587.916
362.003
304.779
951.562
141.988
342.985
855.378
597.286
691.267
219.674
513.033
922.254
765.43
10.4482
221.464
518.223
299.27
233.347
452.048
806.475
530.086
893.165
834.637
629.553
862.83
351.209
265.225
679.461
805.376
988.527
450.288
393.292
350.53
755.066
344.854
492.518
98.0511
200.232
89.8041
789.318
419.906
602.837
711.572
185.336
613.285
933.036
703.558
912.555
166.383
155.607
719.029
696.469
48.7715
553.667
326.023
911.602
904.876
591.248
591.063
710.252
579.775
41.3505
103.544
930.305
796.417
448.398
422.822
894.468
648.63
512.626
683.786
68.5361
115.463
395.358
253.872
728.749
328.394
957.43
641.303
494.777
113.037
360.333
191.247
161.808
913.999
517.27
73.4101
818.875
108.517
664.473
529.127
688.292
705.823
632.671
618.596
502.24
81.0695
41.4186
396.708
729.7
554.045
80.4937
798.236
669.509
475.852
52.1075
398.257
804.246
9.53757
39.5606
299.023
122.574
399.893
490.27
284.382
313.893
7.53956
357.792
132.768
116.057
22.2653
661.896
804.348
728.089
294.567
422.945
230.329
375.636
464.363
627.036
105.336
18.4084
707.53
903.571
687.917
183.382
955.679
86.1741
987.628
965.216
125.735
286.651
87.7907
525.628
776.921
372.173
839.521
784.46
729.965
972.289
900.517
752.231
634.184
704.865
480.319
928.751
127.81
710.648
304.387
592.173
337.685
409.723
610.582
45.2147
313.295
298.498
228.597
268.974
384.673
216.224
234.19
510.407
502.875
321.981
36.0353
279.796
694.154
875.556
64.2562
424.119
847.845
964.773
176.35
482.029
669.639
656.669
410.78
797.449
367.318
715.167
389.622
705.002
124.89
0.203283
750.217
438.185
298.702
978.813
707.159
683.374
195.038
941.349
193.782
697.913
263.329
229.817
977.708
957.483
105.373
41.9645
381.602
953.218
6.73767
557.952
435.246
676.376
214.622
846.026
473.825
581.939
561.194
863.446
286.941
686.084
863.65
37.1583
124.269
162.351
15.9717
831.428
845.726
211.009
772.776
39.5077
908.922
36.1055
269.325
886.63
993.588
374.698
928.595
375.191
327.915
935.332
933.143
763.162
611.708
147.765
609.188
85.5332
729.704
170.382
948.98
16.6456
856.466
812.629
53.8039
980.735
974.981
69.7756
812.163
820.707
280.785
584.939
860.214
189.707
621.044
129.539
76.3367
614.633
504.237
4.9313
989.824
832.152
940.264
922.967
595.314
551.972
70.7315
204.502
637.505
800.436
374.884
586.485
817.081
231.35
399.114
870.885
212.085
374.095
940.661
24.2476
194.802
221.446
609.186
55.0159
411.152
230.231
184.555
487.489
844.864
688.792
492.42
834.687
520.944
432.684
757.654
116.258
984.656
828.385
320.76
622.161
628.821
695.644
208.646
445.902
926.994
607.76
316.787
139.079
981.855
257.448
163.327
176.657
478.894
772.513
231.672
890.046
2.74401
416.227
377.535
847.608
105.019
869.955
682.295
625.963
302.639
439.949
742.221
287.295
268.334
62.9808
909.456
897.155
758.625
118.102
343.057
685.619
725.862
659.845
824.698
707.717
917.293
988.025
884.373
396.187
760.538
116.046
286.233
763.282
532.273
663.768
610.89
637.292
533.723
293.185
263.255
836.362
733.133
5.47579
123.656
1.46717
68.4566
33.1122
898.622
827.082
151.214
241.679
512.701
877.076
901.524
337.399
584.792
818.817
325.424
469.166
215.004
85.9622
585.211
501.237
849.244
117.485
165.004
460.134
754.777
698.727
753.319
18.0317
535.089
486.452
23.5075
658.746
487.919
91.9641
691.858
386.541
919.046
843.072
628.221
431.746
720.147
529.745
769.145
304.94
348.562
94.5695
774.106
563.565
180.532
359.317
64.8018
29.7761
476.802
229.806
489.91
231.578
928.534
243.229
249.61
463.623
729.681
273.118
122.368
217.601
365.082
814.226
604.142
284.127
657.298
232.363
715.874
377.445
762.108
485.019
682.385
110.669
579.589
456.491
674.234
760.12
815.808
739.036
789.897
292.61
968.842
279.807
524.188
897.376
523.036
773.798
360.998
252.718
46.9154
483.367
470.318
411.997
297.593
74.4607
696.124
954.89
306.824
411.998
332.335
68.9311
897.018
14.7205
179.6
476.606
471.211
853.834
236.727
287.019
592.871
26.6235
579.629
561.713
306.43
103.816
459.089
829.467
877.614
820.087
82.1844
924.53
303.454
552.503
336.527
601.046
626.964
32.6513
555.937
933.787
444.65
888.272
2.71831
341.667
902.993
182.318
818.274
374.204
36.1529
55.0008
661.223
629.023
81.6243
240.852
190.736
388.055
344.668
649.825
217.522
222.282
469.912
299.706
146.812
773.366
852.209
483.339
374.412
479.173
515.99
930.349
412.96
