246.061
467.701
563.496
474.786
572.966
270.681
975.247
850.795
363.186
851.178
163.969
405.854
676.226
674.979
110.341
797.402
398.521
671.639
936.133
828.465
800.734
744.191
871.642
169.252
691.972
850.559
751.123
971.485
685.722
640.861
870.556
931.782
108.562
434.052
406.568
681.529
704.734
381.815
532.324
67.92
232.993
696.293
473.775
909.219
371.272
584.115
706.621
769.792
255.754
642.754
598.258
56.4886
386.945
469.9
225.74
78.9175
320.459
976.863
50.4026
6.18046
617.724
920.958
937.963
726.286
355.011
344.531
407.815
59.7443
726.346
940.139
127.664
959.339
636.432
601.439
868.558
7.7043
185.554
575.179
777.497
441.308
217.933
375.754
497.797
604.878
845.654
723.537
683.795
166.113
700.4
734.198
172.293
318.124
655.157
110.256
44.4103
10.1672
454.787
452.226
69.9116
181.133
392.365
197.576
140.472
28.7973
799.015
9.02918
36.5016
984.569
584.208
813.998
425.877
802.141
189.753
923.674
407.019
35.4064
647.211
90.8141
201.519
347.611
825.012
373.812
665.735
480.169
484.068
710.145
490.336
938.855
162.371
560.247
119.987
554.735
757.823
260.459
583.533
556.838
269.488
620.034
541.407
853.696
434.033
967.284
655.837
623.785
890.958
62.8554
659.192
538.168
153.669
860.711
885.779
978.682
234.523
551.514
458.85
718.591
261.659
949.186
657.446
424.029
509.434
777.434
978.765
267.257
37.8927
562.298
824.095
307.381
182.332
365.502
161.077
616.365
332.786
816.914
240.15
223.744
879.769
899.342
761.912
33.4385
760.053
647.691
12.1201
994.576
199.205
470.97
713.167
460.863
420.156
370.613
884.893
929.59
148.047
863.657
196.847
185.94
425.955
20.9421
493.321
608.287
386.444
654.397
224.651
719.23
471.311
464.801
942.974
351.08
364.143
704.886
384.519
124.195
352.577
396.639
118.771
551.782
867.609
831.938
12.645
287.766
202.551
897.538
217.356
350.598
761.195
414.202
536.538
187.15
435.145
29.8587
795.437
821.589
684.256
20.0886
540.819
155.567
484.89
483.792
506.648
849.033
188.678
891.166
973.228
541.255
287.805
91.9994
93.0363
155.414
923.938
105.681
443.18
126.489
3.21903
660.535
477.088
764.414
74.7379
13.6258
951.565
509.882
43.4845
747.002
331.471
727.741
767.09
872.29
883.308
251.98
356.082
389.956
101.013
544.76
281.122
74.2414
86.015
568.927
166.241
179.051
724.342
90.1785
284.733
167.522
216.668
287.952
828.057
693.755
52.3659
902.795
707.381
3.93042
412.678
750.866
750.932
744.149
478.606
518.022
616.439
361.914
770.003
972.521
751.87
871.016
517.281
32.9925
945.257
603.296
601.92
111.498
782.348
326.262
201.677
67.0802
493.784
418.344
355.032
321.841
112.1
407.398
224.636
819.481
411.328
637.314
570.346
162.26
381.462
48.9524
680.283
997.901
410.867
450.285
970.422
162.737
321.301
487.703
195.73
266.559
90.9997
797.65
378.057
873.347
123.911
579.733
940.428
617.695
998.078
295.459
939.536
110.177
702.857
164.172
929.658
114.185
801.485
500.004
276.445
182.948
548.956
956.728
180.849
959.823
407.013
151.271
122.56
728.314
638.974
318.29
994.873
729.974
115.939
372.929
603.322
239.851
952.663
543.749
857.546
950.74
839.208
797.082
60.9175
542.065
961.254
990.575
656.25
762.739
490.579
932.695
945.687
39.535
889.423
126.536
999.358
296.436
277.807
121.918
24.75
916.781
440.208
19.6228
646.756
556.147
392.552
250.077
795.997
345.215
793.826
653.543
295.955
633.034
450.625
356.873
175.1
411.878
347.448
831.35
174.618
838.027
764.045
120.304
877.562
653.467
246.84
876.92
949.903
524.647
998.838
974.653
441.429
439.045
994.276
88.1843
995.192
386.828
338.261
791.189
732.043
132.088
444.733
27.9985
765.122
895.358
384.871
940.222
307.236
732.319
771.571
481.854
570.346
535.616
602.158
447.908
189.083
848.998
324.828
138.986
373.646
323.666
113.64
815.074
762.711
107.916
903.258
757.903
494.744
241.52
549.093
226.787
373.607
993.825
254.786
138.729
889.183
639.657
78.9511
196.419
371.976
850.522
678.272
942.323
386.138
280.43
390.231
575.222
129.428
715.059
714.208
503.074
38.7248
827.848
318.148
801.436
935.763
221.407
559.339
430.507
462.927
108.432
657.294
836.534
102.257
912.08
975.264
991.439
551.737
54.2147
187.858
923.713
904.737
866.13
866.036
290.875
146.56
256.267
866.097
275.989
971.325
580.305
779.063
10.0503
408.153
97.2111
811.486
343.916
318.618
370.825
774.424
781.544
479.257
431.718
618.079
581.514
343.798
593.342
572.953
895.535
647.557
760.811
819.248
552.294
626.941
685.284
843.169
773.502
941.55
709.266
49.4906
912.876
289.571
828.553
922.926
697.724
925.765
734.412
41.6402
244.382
105.238
816.064
25.9268
584.495
247.782
644.005
166.008
591.58
237.348
738.962
487.115
884.904
499.773
306.362
437.198
126.714
991.646
280.368
900.216
933.196
989.634
949.707
846.072
279.205
778.26
768.997
976.929
704.025
503.41
18.5691
948.407
608.647
834.633
974.334
193.142
82.4147
618.339
359.15
673.994
855.687
98.1115
161.109
740.591
597.884
467.471
177.79
724.598
459.117
458.157
624.815
392.313
447.791
574.521
238.385
726.996
352.781
7.3823
703.925
56.8062
510.792
722.494
5.21325
119.439
557.127
979.547
312.581
639.541
597.886
671.73
313.536
453.573
769.842
474.645
194.165
367.726
942.116
371.954
92.3246
401.234
830.111
717.139
793.547
277.902
291.66
31.9318
4.89778
644.442
39.3141
708.822
701.248
550.106
431.316
706.461
669.545
988.443
686.008
982.125
627.984
283.895
653.856
941.52
737.468
423.698
416.165
931.633
791.424
358.281
303.587
883.749
759.515
133.698
600.888
553.062
411.6
892.548
584.994
416.498
536.99
624.308
125.32
238.238
174.414
556.636
944.699
843.959
545.079
630.707
826.084
173.064
914.602
479.94
114.584
652.07
903.638
530.749
583.703
695.062
889.03
887.29
578.81
648.545
20.9878
179.698
201.607
432.588
72.2462
786.601
849.085
609.236
410.909
974.406
847.474
585.323
531.042
792.173
429.281
76.1211
422.88
255.366
249.185
337.483
735.306
363.768
989.553
638.943
894.517
573.256
334.005
783.548
460.546
912.815
432.093
481.534
92.5135
633.7
914.122
164.76
420.302
763.207
773.996
831.21
737.613
621.47
416.533
268.655
413.643
845.815
344.776
836.523
101.18
593.96
174.006
836.486
957.729
163.559
475.429
852.246
736.815
809.434
635.794
197.361
722.25
67.8869
678.895
814.763
701.587
593.017
979.523
121.889
356.224
753.519
953.099
93.8368
374.988
369.633
362.491
788.631
215.447
707.267
625.154
316.627
301.228
799.16
153.113
258.956
962.719
628.542
111.203
699.534
437.976
746.996
896.895
160.226
814.883
575.79
974.989
516.47
168.807
954.512
638.359
525.031
708.03
591.459
618.868
83.0182
961.091
981.36
871.649
176.538
688.627
496.803
493.166
989.854
295.962
646.279
248.811
258.681
274.821
360.013
958.215
712.797
107.01
855.11
873.023
921.893
430.9
848.011
438.363
599.707
802.523
76.7227
124.739
510.553
668.181
743.607
593.571
629.272
724.966
465.22
805.811
413.593
962.023
298.976
403.447
257.986
945.255
652.258
516.667
220.076
12.2714
474.881
932.873
119.281
329.991
805.896
41.174
760.891
653.907
479.537
360.598
456.43
556.26
485.337
966.983
224.442
228.944
560.555
853.714
953.91
25.7749
659.525
367.503
987.798
958.501
770.95
245.784
903.756
423.208
762.45
123.832
435.48
237.331
56.7054
554.761
567.322
862.601
595.935
328.213
516.509
75.4724
688.812
972.939
631.733
174.148
939.922
856.174
403.092
500.477
709.888
357.002
526.252
369.413
724.505
514.05
327.914
495.455
759.833
231.67
918.664
522.283
355.502
354.144
759.615
412.208
908.905
326.937
274.809
504.84
655.15
791.318
580.312
343.962
764.256
212.045
518.11
704.179
68.2188
921.202
204.655
778.107
278.204
730.907
147.52
2.70956
244.957
475.433
498.165
4.78976
707.104
416.829
527.073
62.6061
770.972
286.688
474.814
679.877
613.625
749.623
184.716
268.775
540.941
765.028
612.737
305.197
977.073
130.847
9.37584
45.2918
52.0498
214.031
823.399
330.254
944.938
970.918
332.964
189.895
446.352
831.129
194.685
153.455
247.958
721.758
216.062
18.93
8.4455
690.875
698.807
622.07
440.499
883.523
890.846
981.439
648.552
503.583
286.637
625.625
634.43
296.012
670.917
686.48
510.044
494.315
16.7342
454.982
465.234
349.698
644.877
911.586
180.827
839.561
65.041
428.784
561.319
281.103
447.714
569.764
