246.061
467.701
563.496
474.786
572.966
270.681
975.247
850.795
363.186
851.178
163.969
405.854
676.226
674.979
110.341
797.402
398.521
671.639
936.133
828.465
800.734
744.191
871.642
169.252
691.972
850.559
751.123
971.485
685.722
640.861
870.556
931.782
108.562
434.052
406.568
681.529
704.734
381.815
532.324
67.92
232.993
696.293
473.775
909.219
371.272
584.115
706.621
769.792
255.754
642.754
598.258
56.4886
386.945
469.9
225.74
78.9175
320.459
976.863
50.4026
6.18046
617.724
920.958
937.963
726.286
355.011
344.531
407.815
59.7443
726.346
940.139
127.664
959.339
636.432
601.439
868.558
7.7043
185.554
575.179
777.497
441.308
217.933
375.754
497.797
604.878
845.654
723.537
683.795
166.113
700.4
734.198
172.293
318.124
655.157
110.256
44.4103
10.1672
454.787
452.226
69.9116
181.133
392.365
197.576
140.472
28.7973
799.015
9.02918
36.5016
984.569
584.208
813.998
425.877
802.141
189.753
923.674
407.019
35.4064
647.211
90.8141
201.519
347.611
825.012
373.812
665.735
480.169
484.068
710.145
490.336
938.855
162.371
560.247
119.987
554.735
757.823
260.459
583.533
556.838
269.488
620.034
541.407
853.696
434.033
967.284
655.837
623.785
890.958
62.8554
659.192
538.168
153.669
860.711
885.779
978.682
234.523
551.514
458.85
718.591
261.659
949.186
657.446
424.029
509.434
777.434
978.765
267.257
37.8927
562.298
824.095
307.381
182.332
365.502
161.077
616.365
332.786
816.914
240.15
223.744
879.769
899.342
761.912
33.4385
760.053
647.691
12.1201
994.576
199.205
470.97
713.167
460.863
420.156
370.613
884.893
929.59
148.047
863.657
196.847
185.94
425.955
20.9421
493.321
608.287
386.444
654.397
224.651
719.23
471.311
464.801
942.974
351.08
364.143
704.886
384.519
124.195
352.577
396.639
118.771
551.782
867.609
831.938
12.645
287.766
202.551
897.538
217.356
350.598
761.195
414.202
536.538
187.15
435.145
29.8587
795.437
821.589
684.256
20.0886
540.819
155.567
484.89
483.792
506.648
849.033
188.678
891.166
973.228
541.255
287.805
91.9994
93.0363
155.414
923.938
105.681
443.18
126.489
3.21903
660.535
477.088
764.414
74.7379
13.6258
951.565
509.882
43.4845
747.002
331.471
727.741
767.09
872.29
883.308
251.98
356.082
389.956
101.013
544.76
281.122
74.2414
86.015
568.927
166.241
179.051
724.342
90.1785
284.733
167.522
216.668
287.952
828.057
693.755
52.3659
902.795
707.381
3.93042
412.678
750.866
750.932
744.149
478.606
518.022
616.439
361.914
770.003
972.521
751.87
871.016
517.281
32.9925
945.257
603.296
601.92
111.498
782.348
326.262
201.677
67.0802
493.784
418.344
355.032
321.841
112.1
407.398
224.636
819.481
411.328
637.314
570.346
162.26
381.462
48.9524
680.283
997.901
410.867
450.285
970.422
162.737
321.301
487.703
195.73
266.559
90.9997
797.65
378.057
873.347
123.911
579.733
940.428
617.695
998.078
295.459
939.536
110.177
702.857
164.172
929.658
114.185
801.485
500.004
276.445
182.948
548.956
956.728
180.849
959.823
407.013
151.271
122.56
728.314
638.974
318.29
994.873
729.974
115.939
372.929
603.322
239.851
952.663
543.749
857.546
950.74
839.208
797.082
60.9175
542.065
961.254
990.575
656.25
762.739
490.579
932.695
945.687
39.535
889.423
126.536
999.358
296.436
277.807
121.918
24.75
916.781
440.208
19.6228
646.756
556.147
392.552
250.077
795.997
345.215
793.826
653.543
295.955
633.034
450.625
356.873
175.1
411.878
347.448
831.35
174.618
838.027
764.045
120.304
877.562
653.467
246.84
876.92
949.903
524.647
998.838
974.653
441.429
439.045
994.276
88.1843
995.192
386.828
338.261
791.189
732.043
132.088
444.733
27.9985
765.122
895.358
384.871
940.222
307.236
732.319
771.571
481.854
570.346
535.616
602.158
447.908
189.083
848.998
324.828
138.986
373.646
323.666
113.64
815.074
762.711
107.916
903.258
757.903
494.744
241.52
549.093
226.787
373.607
993.825
254.786
138.729
889.183
639.657
78.9511
196.419
371.976
850.522
678.272
942.323
386.138
280.43
390.231
575.222
129.428
715.059
714.208
503.074
38.7248
827.848
318.148
801.436
935.763
221.407
559.339
430.507
462.927
108.432
657.294
836.534
102.257
912.08
975.264
991.439
551.737
54.2147
187.858
923.713
904.737
866.13
866.036
290.875
146.56
256.267
866.097
275.989
971.325
580.305
779.063
10.0503
408.153
97.2111
811.486
343.916
318.618
370.825
774.424
781.544
479.257
431.718
618.079
581.514
343.798
593.342
572.953
895.535
647.557
760.811
819.248
552.294
626.941
685.284
843.169
773.502
941.55
709.266
49.4906
912.876
289.571
828.553
922.926
697.724
925.765
734.412
41.6402
244.382
105.238
816.064
25.9268
584.495
247.782
644.005
166.008
591.58
237.348
738.962
487.115
884.904
499.773
306.362
437.198
126.714
991.646
280.368
900.216
933.196
989.634
949.707
846.072
279.205
778.26
768.997
976.929
704.025
503.41
18.5691
948.407
608.647
834.633
974.334
193.142
82.4147
618.339
359.15
673.994
855.687
98.1115
161.109
740.591
597.884
467.471
177.79
724.598
459.117
458.157
624.815
392.313
447.791
574.521
238.385
726.996
352.781
7.3823
703.925
56.8062
510.792
722.494
5.21325
119.439
557.127
979.547
312.581
639.541
597.886
671.73
313.536
453.573
769.842
474.645
194.165
367.726
942.116
371.954
92.3246
401.234
830.111
717.139
793.547
277.902
291.66
31.9318
4.89778
644.442
39.3141
708.822
701.248
550.106
431.316
706.461
669.545
988.443
686.008
982.125
627.984
283.895
653.856
941.52
737.468
423.698
416.165
931.633
791.424
358.281
303.587
883.749
759.515
133.698
600.888
553.062
411.6
892.548
584.994
416.498
536.99
624.308
125.32
238.238
174.414
556.636
944.699
843.959
545.079
630.707
826.084
173.064
914.602
479.94
114.584
652.07
903.638
530.749
583.703
695.062
889.03
887.29
578.81
648.545
20.9878
179.698
201.607
432.588
72.2462
786.601
849.085
609.236
410.909
974.406
847.474
585.323
531.042
792.173
429.281
76.1211
422.88
255.366
249.185
337.483
735.306
363.768
989.553
638.943
894.517
573.256
334.005
783.548
460.546
912.815
432.093
481.534
92.5135
633.7
914.122
164.76
420.302
763.207
773.996
831.21
737.613
621.47
416.533
268.655
413.643
845.815
344.776
836.523
101.18
593.96
174.006
836.486
957.729
163.559
475.429
852.246
736.815
809.434
635.794
197.361
722.25
67.8869
678.895
814.763
701.587
593.017
979.523
121.889
356.224
753.519
953.099
93.8368
374.988
369.633
362.491
788.631
215.447
707.267
625.154
316.627
301.228
799.16
153.113
258.956
962.719
628.542
111.203
699.534
437.976
746.996
896.895
160.226
814.883
575.79
974.989
516.47
168.807
954.512
638.359
525.031
708.03
591.459
618.868
83.0182
961.091
981.36
871.649
176.538
688.627
496.803
493.166
989.854
295.962
646.279
248.811
258.681
274.821
360.013
958.215
712.797
107.01
855.11
873.023
921.893
430.9
848.011
438.363
599.707
802.523
76.7227
124.739
510.553
668.181
743.607
593.571
629.272
724.966
465.22
805.811
413.593
962.023
298.976
403.447
257.986
945.255
652.258
516.667
220.076
12.2714
474.881
932.873
119.281
329.991
805.896
41.174
760.891
653.907
479.537
360.598
456.43
556.26
485.337
966.983
224.442
228.944
560.555
853.714
953.91
25.7749
659.525
367.503
987.798
958.501
770.95
245.784
903.756
423.208
762.45
123.832
435.48
237.331
56.7054
554.761
567.322
862.601
595.935
328.213
516.509
75.4724
688.812
972.939
631.733
174.148
939.922
856.174
403.092
500.477
709.888
357.002
526.252
369.413
724.505
514.05
327.914
495.455
759.833
231.67
918.664
522.283
355.502
354.144
759.615
412.208
908.905
326.937
274.809
504.84
655.15
791.318
580.312
343.962
764.256
212.045
518.11
704.179
68.2188
921.202
204.655
778.107
278.204
730.907
147.52
2.70956
244.957
475.433
498.165
4.78976
707.104
416.829
527.073
62.6061
770.972
286.688
474.814
679.877
613.625
749.623
184.716
268.775
540.941
765.028
612.737
305.197
977.073
130.847
9.37584
45.2918
52.0498
214.031
823.399
330.254
944.938
970.918
332.964
189.895
446.352
831.129
194.685
153.455
247.958
721.758
216.062
18.93
8.4455
690.875
698.807
622.07
440.499
883.523
890.846
981.439
648.552
503.583
286.637
625.625
634.43
296.012
670.917
686.48
510.044
494.315
16.7342
454.982
465.234
349.698
644.877
911.586
180.827
839.561
65.041
428.784
561.319
281.103
447.714
569.764
971.978
146.521
191.835
412.477
30.0448
82.6804
393.916
678.597
586.263
680.552
304.222
220.693
976.565
975.138
907.173
486.608
469.454
923.907
941.59
934.687
273.605
586.467
846.273
454.432
426.028
911.314
883.216
987.347
192.417
330.931
557.111
164.395
477.452
748.946
576.871
507.497
831.626
970.787
186.094
417.889
651.34
490.315
638.582
627.904
465.454
545.756
114.513
934.907
469.663
56.1029
869.595
743.268
642.57
715.868
197.7
68.5973
627.182
80.9169
55.9439
819.599
411.848
613.055
983.993
889.3
362
560.864
396.797
193.626
531.652
582.89
611.515
182.991
73.2057
250.097
810.896
538.659
795.853
925.408
473.567
265.516
981.511
343.161
8.78434
624.081
59.0293
206.485
692.678
686.211
287.402
748.622
505.81
699.25
361.677
489.803
588.549
723.677
50.6676
985.346
917.303
582.319
568.237
528.818
765.31
641.442
778.915
576.206
180.102
574.768
501.614
653.668
840.284
483.126
996.83
849.069
107.206
55.8589
55.5536
799.884
742.07
342.955
548.506
247.88
42.2049
910.183
737.683
630.754
633.86
788.351
616.1
551.163
370.67
184.337
79.9808
135.98
825.779
858.896
712.186
5.8809
433.665
213.801
659.549
273.949
696.926
656.379
123.018
804.133
712.238
178.571
604.017
454.308
521.527
152.523
702.188
563.731
62.7062
439.871
194.486
696.566
228.222
810.586
247.729
598.892
994.923
327.71
734.872
820.703
186.606
447.059
826.583
620.27
660.86
486.133
894.219
357.786
142.511
17.2372
161.919
854.749
195.808
765.936
309.057
717.335
918.459
11.2447
281.067
981.165
451.116
475.552
677.731
679.338
286.138
925.46
278.23
281.062
253.169
13.1022
101.764
439.775
460.161
928.348
60.0455
121.021
414.48
954.265
478.807
556.991
971.502
640.725
411.74
167.311
406.661
720.797
884.646
325.12
732.041
165.712
306.285
183.157
641.264
984.016
862.495
927.403
909.476
140.725
208.464
162.645
153.827
310.229
602.42
613.988
238.576
662.465
735.009
653.056
616.73
213.816
210.047
588.232
854.541
621.787
755.543
261.202
342.584
640.189
586.322
74.6257
805.901
892.607
257.783
447.165
876.623
120.278
374.568
786.098
261.003
583.033
948.743
414.83
893.261
551.163
28.8178
131.837
213.628
763.827
784.894
830.359
977.642
994.941
418.591
832.183
616.728
174.134
93.385
959.313
814.323
679.707
33.9383
620.224
572.314
291.721
67.3891
448.936
411.999
441.957
235.035
673.002
24.9899
183.778
87.8317
918.251
734.941
116.65
50.0884
948.569
880.476
834.982
778.928
858.118
829.923
197.519
690.301
446.651
371.654
783.686
405.964
185.977
463.393
439.902
806.201
35.7066
731.623
873.59
484.643
143.623
315.547
719.678
816.625
340.537
903.455
904.456
258.788
638.396
21.1059
308.876
586.965
901.582
143.858
365.893
759.7
973.781
563.413
450.001
420.432
935.066
233.687
826.396
121.043
697.08
266.298
927.244
732.787
997.922
800.834
217.43
141.545
116.38
937.107
958.169
456.917
840.562
862.626
715.705
478.958
883.732
24.5814
65.9236
785.314
168.44
431.817
545.014
142.221
995.23
995.015
562.653
930.296
228.702
389.049
51.3394
925.782
655.348
978.583
658.569
653.27
779.417
875.999
794.814
895.797
813.106
752.983
352.715
653.668
615.609
68.4197
132.627
499.341
93.0012
198.55
284.654
261.441
630.367
829.668
403.661
625.597
824.683
966.314
555.893
53.3846
355.364
607.233
979.167
10.7111
585.816
637.736
663.981
365.233
513.735
458.795
261.03
326.841
211.778
613.745
980.509
827.387
682.164
113.136
326.728
775.166
311.686
611.382
36.6065
942.054
441.049
440.268
567.651
265.732
406.582
123.544
319.116
761.946
730.777
298.283
772.657
316.593
936.019
436.638
681.826
449.754
895.432
942.856
776.594
107.211
556.601
757.104
934.598
238.765
870.239
261.325
13.9308
181.926
872.707
50.5373
123.98
313.756
490.805
691.63
579.488
897.387
815.175
898.604
659.333
545.952
196.888
431.99
862.544
132.907
868.628
544.37
582.661
764.06
487.226
359.255
871.271
43.8268
116.358
805.868
282.592
986.598
67.1933
296.523
168.524
939.9
347.06
292.503
253.656
837.865
984.134
833.144
735.253
799.309
731.749
394.586
345.26
928.636
826.576
207.804
61.543
695.204
752.175
644.204
459.264
239.401
3.45855
330.534
283.228
119.817
136.402
565.819
106.415
203.596
862.342
274.939
143.496
209.402
567.442
397.152
47.2673
551.576
230.296
782.52
350.884
962.045
177.106
696.145
890.681
3.68135
903.949
952.224
698.885
656.124
596.428
158.148
895.524
599.887
488.683
178.752
719.704
625.085
744.571
826.119
828.681
606.914
101.057
972.177
816.316
668.5
369.329
863.583
220.076
599.625
646.103
570.96
561.67
823.208
267.105
452.352
826.89
171.054
404.576
525.775
827.177
1.00434
683.923
722.702
600.891
172.606
901.454
320.595
797.691
646.025
146.713
626.372
252.939
247.771
598.548
69.2546
916.27
967.877
932.838
136.346
567.502
578.941
707.306
129.173
402.149
974.41
581.524
229.039
145.464
986.101
754.813
972.641
987.105
438.737
695.343
587.996
611.342
596.796
908.591
409.033
242.822
55.3038
35.4047
495.761
303.074
633.953
565.015
219.345
601.83
497.853
355.69
169.332
76.7935
62.9962
298.504
478.942
37.4065
880.029
707.981
182.87
866.129
462.795
155.511
853.234
901.531
850.854
441.23
512.873
447.651
349.821
921.907
690.472
405.125
957.311
186.233
708.199
591.264
751.248
927.544
193.094
249.101
283.234
362.426
325.895
346.23
660.93
804.837
383.637
540.959
512.818
566.507
407.088
975.613
722.019
260.323
877.144
572.873
701.553
390.017
20.5234
51.3736
311.924
710.996
456.498
269.235
897.229
164.697
860.499
648.477
92.241
53.5933
897.578
375.475
416.019
223.472
721.706
76.9493
28.3092
105.343
617.908
541.127
671.85
24.9967
516.74
393.869
285.319
393.884
966.741
986.872
783.902
987.265
38.246
95.8257
698.261
494.744
365.061
595.489
659.441
225.56
243.966
751.682
279.154
141.544
127.158
695.173
365.016
848.863
772.122
393.325
954.206
390.03
934.453
626.056
415.027
451.193
19.9246
700.346
845.077
986.666
687.219
628.979
973.931
725.465
724.805
672.191
220.209
89.8657
267.68
879.65
315.426
511.646
631.333
594.58
653.19
758.49
289.752
18.2056
607.354
61.8743
411.531
561.56
451.905
345.983
187.616
866.932
797.176
207.54
567.278
642.253
194.206
254.497
271.232
168.137
979.962
996.037
840.328
200.171
85.9024
108.009
79.821
401.328
619.655
711.154
995.908
272.845
469.644
285.66
291.05
76.9975
347.535
702.581
638.557
799.439
48.564
826.173
666.371
845.74
33.7129
233.649
487.993
227.919
488.146
759.225
396.056
468.108
755.262
236.385
668.279
841.164
344.393
748.1
242.493
964.048
459.254
238.401
236.893
928.897
524.061
527.944
5.89493
871.596
230.525
644.452
671.035
279.089
470.625
337.406
124.829
504.338
571.055
612.822
732.257
59.2017
372.047
128.313
527.31
127.309
364.698
195.589
968.473
709.091
943.689
210.966
673.139
402.942
449.367
910.033
331.84
973.428
437.976
337.735
845.024
668.501
982.187
516.059
947.59
452.811
853.465
72.4184
957.149
424.52
685.24
689.406
483.722
57.2869
817.719
11.0316
184.596
182.417
206.62
153.069
891.508
150.309
364.035
564.647
553.251
813.401
474.68
885.091
786.829
912.656
222.825
631.853
581.157
205.012
147.911
528.747
657.823
1.37605
601.166
614.972
425.896
286.406
304.378
909.618
343.693
122.097
920.649
528.288
304.514
127.27
681.357
196.022
277.579
45.3918
760.669
830.83
858.793
235.349
715.921
645.622
148.006
938.746
277.475
729.163
143.758
425.387
257.91
801.582
426.763
859.076
416.554
852.659
145.481
720.932
762.277
489.174
843.03
682.926
17.4622
147.544
810.196
698.819
343.566
87.7748
744.211
104.235
918.605
603.004
339.584
634.526
248.627
487.59
573.272
526.102
216.753
717.031
951.489
474.663
518.612
378.252
333.739
935.166
230.91
479.22
656.099
993.187
968.394
499.128
676.113
985.856
646.673
486.309
684.676
990.239
574.084
428.887
94.4738
492.689
31.8911
434.058
127.214
280.518
921.648
700.487
806.62
138.401
417.517
758.109
613.064
936.13
136.36
946.803
871.296
367.271
426.023
527.394
360.458
394.417
26.5229
36.5707
380.273
673.195
522.88
64.9489
663.434
96.9632
493.836
757.908
589.652
525.727
191.966
716.866
806.245
113.614
417.353
612.865
252.015
834.87
370.973
865.078
771
507.334
811.881
642.296
874.604
237.904
169.69
235.062
632.321
196.213
271.633
12.594
869.408
794.512
77.5429
532.842
891.475
571.379
290.75
481.127
97.1052
482.716
197.993
903.35
596.33
615.346
516.214
848.345
450.217
887.188
713.423
221.217
394.521
525.304
863.512
269.126
763.208
33.2025
504.188
395.529
229.416
775.821
408.123
98.824
570.333
485.666
631.666
461.808
57.0442
922.417
942.936
154.149
405.133
140.929
57.4992
1.46281
756.275
573.714
849.807
206.492
460.901
563.231
427.709
855.423
88.5347
291.221
124.549
851.743
324.424
628.737
247.271
553.839
404.557
655.394
652.663
974.89
141.06
284.33
436.699
198.104
206.747
379.634
352.253
611.879
520.563
409.752
613.342
276.839
983.466
463.15
483.331
444.367
26.3802
911.04
299.79
114.915
202.262
424.339
966.658
526.686
53.0752
213.929
80.525
457.633
869.323
733.188
432.523
10.383
17.5183
869.222
208.487
224.265
248.856
560.74
836.144
769.42
970.493
449.486
46.2586
953.959
912.636
529.59
398.326
939.016
440.63
698.116
53.9312
642.891
122.455
20.5888
169.577
175.53
234.518
250.102
633.162
103.841
983.29
65.6853
114.224
0.808679
934.907
322.711
225.074
183.763
883.451
61.2178
953.183
853.944
510.704
999.441
807.902
423.34
529.031
206.228
362.357
969.661
904.344
416.288
612.552
26.7989
436.877
782.129
202.329
671.395
32.2313
835.491
775.236
15.5217
901.176
889.46
16.3304
836.083
212.171
241.404
19.8464
95.6216
302.622
973.029
949.565
813.326
972.471
757.468
236.666
501.502
963.696
599.023
471.163
868.041
15.311
83.715
894.839
452.188
865.844
97.1681
123.582
898.076
932.659
898.818
913.597
833.835
788.278
929.928
669.919
0.448155
171.332
689.765
96.0697
473.953
662.794
45.6351
287.279
635.265
803.103
523.946
136.766
766.799
122.969
607.929
634.84
138.28
691.644
529.679
590.468
557.488
626.847
714.05
455.564
559.506
612.868
369.161
393.342
401.146
299.089
63.2605
401.594
470.421
753.026
497.664
944.374
415.82
543.299
231.654
51.0847
346.402
755.6
187.851
113.201
878.569
795.78
748.041
16.8487
487.424
277.72
607.317
44.9121
904.567
321.367
500.476
464.073
934.235
869.637
857.415
335.381
168.727
920.676
736.975
639.147
673.701
234.638
583.522
89.5211
777.937
815.176
140.606
124.339
570.775
328.457
237.54
449.344
124.237
985.581
466.193
611.661
263.3
73.5094
656.573
167.867
394.876
157.049
631.941
329.111
26.6864
489.356
664.492
195.413
410.031
401.466
834.56
83.7326
636.105
418.082
173.254
414.042
233.258
313.859
538.381
804.033
642.316
775.921
253.377
766.553
761.502
719.57
378.214
24.8017
793.08
34.7865
192.669
187.956
191.835
824.609
517.067
218.522
313.965
181.558
413.935
723.997
583.025
248.495
807.729
219.129
666.578
980.983
633.171
899.836
294.842
171.552
703.869
937.158
947.473
957.247
703.711
708.975
676.817
81.9252
733.777
469.897
116.712
926.446
657.852
308.547
751.055
174.919
527.069
65.0202
356.477
941.004
789.017
939.502
189.499
596.746
158.631
856.077
577.729
791.802
755.913
872.571
963.355
459.782
809.729
910.828
417.028
513.441
619.803
93.8453
595.366
353.58
563.742
712.078
280.025
221.594
20.6248
31.0802
396.513
547.694
96.1004
752.99
488.698
885.117
692.492
678.197
481.863
851.123
534.274
59.5915
642.925
290.187
932.162
606.28
749.969
741.892
517.108
166.997
255.332
136.911
260.842
850.698
490.491
824.584
562.776
770.516
46.1784
583.401
801.596
442.692
131.094
897.696
195.682
619.792
782.814
888.174
297.989
264.676
739.297
832.263
324.268
382.222
122.45
256.43
988.503
872.419
998.322
505.611
39.4162
253.654
642.522
300.259
104.352
133.013
124.843
667.128
903.529
171.021
250.529
705.125
613.713
381.623
602.821
809.395
1.41506
385.635
697.569
299.404
650.311
436.866
131.668
974.579
819.088
254.118
231.01
807.591
126.537
229.331
313.202
165.954
482.986
955.724
466.212
587.338
88.7363
591.055
254.466
992.265
762.076
504.994
697.39
375.789
886.617
300.211
185.184
888.032
685.846
882.753
187.437
336.157
319.619
319.105
310.736
138.707
573.223
541.746
946.298
699.76
771.077
259.5
865.714
254.063
215.223
331.926
841.401
303.96
922.981
95.8665
296.225
685.057
600.861
993.614
60.8462
487.478
293.825
246.03
375.511
979.671
128.783
562.948
315.828
448.402
882.052
626.564
587.109
455.275
168.31
533.406
155.035
939.387
792.906
20.7486
193.45
8.12921
352.674
34.8508
312.089
275.655
130.717
608.313
960.712
731.578
601.928
21.5582
219.056
895.753
267.588
594.567
875.424
396.371
157.515
191.252
844.773
39.5669
817.817
431.881
494.842
986.127
965.288
649.877
925.514
758.194
670.625
118.965
766.323
23.2997
153.815
78.4118
298.955
284.533
686.725
259.667
16.1108
288.653
281.225
235.167
184.406
548.813
829.734
59.8298
945.185
987.249
251.082
789.958
26.8162
68.8988
221.839
521.658
55.0258
187.127
171.535
980.54
945.321
842.16
99.5049
711.644
865.46
253.32
790.056
164.414
537.853
476.781
424.081
553.964
765.433
705.306
789.131
949.839
254.12
618.865
9.6689
199.304
606.115
260.751
989.262
632.931
329.65
211.101
154.589
384.676
398.228
326.124
365.216
343.549
168.284
464.721
55.1925
33.7434
718.041
845.248
198.158
255.894
322.029
622.239
809.858
87.4623
327.545
598.988
37.3015
581.665
217.854
46.9704
780.969
823.969
307.721
770.231
456.899
637.371
981.333
611.488
22.0466
379.561
937.612
387.262
723.109
105.895
851.983
778.302
139.639
570.024
623.55
337.797
825.918
945.579
960.036
635.775
33.0411
287.581
234.764
70.3426
869.246
452.618
117.313
650.216
276.586
425.034
420.447
733.486
62.4053
401.78
344.974
84.4519
781.34
282.585
471.714
504.45
388.481
323.697
282.751
528.119
893.721
906.301
865.916
719.639
851.88
825.952
355.414
884.921
113.533
590.178
955.264
982.779
42.7955
72.5766
632.995
319.382
497.611
53.4421
52.8671
560.016
455.222
397.841
644.468
236.562
680.426
116.182
741.012
68.907
439.88
23.7628
597.027
333.601
930.064
462.943
53.2396
781.944
288.894
408.654
666.865
402.427
998.832
622.129
385.207
41.6272
694.705
18.2015
361.009
192.316
71.6436
413.876
752.333
526.865
811.717
396.801
763.427
492.143
512.983
504.439
561.05
952.863
528.202
158.077
286.463
458.266
621.019
339.703
240.21
909.914
748.357
907.075
312.341
747.188
529.204
697.548
788.816
223.909
715.749
149.824
416.225
787.393
563.7
168.558
314.258
375.417
565.358
77.6859
867.56
78.3413
582.125
428.61
31.2039
110.327
586.687
317.667
568.593
207.706
657.37
808.803
117.62
405.727
715.877
429.961
152.915
245.081
127.509
941.731
468.99
843.259
91.5551
885.215
630.652
655.255
53.7728
944.91
30.6726
619.131
22.5959
898.233
697.472
604.721
326.843
728.676
715.048
913.53
46.3435
283.64
121.236
703.713
92.4431
238.857
109.44
808.321
668.818
262.355
53.4016
796.327
204.086
522.392
639.586
295.641
407.607
270.237
950.896
461.38
215.147
981.569
80.5108
237.743
879.802
777.983
842.464
206.645
506.66
557.512
120.175
553.003
841.152
241.411
256.716
933.595
480.268
366.157
741.916
149.086
628.512
795.318
945.413
832.597
317.709
584.999
128.238
725.316
855.236
79.1346
186.696
70.3833
60.7034
267.206
308.127
940.505
45.1897
150.591
147.15
551.849
708.103
267.325
104.852
549.255
508.736
361.569
482.85
989.004
727.725
224.766
138.09
356.237
20.0838
83.5033
188.834
337.793
668.502
317.073
63.109
523.738
396.207
249.805
594.121
456.911
517.011
902.248
397.416
562.201
52.8386
544.566
114.05
760.941
811.891
218.902
310.196
320.627
580.471
793.046
309.632
308.196
17.8125
447.722
664.433
37.8963
531.225
853.268
375.689
199.727
170.341
438.798
723.465
566.548
688.603
317.587
23.4587
205.614
219.835
420.875
767.815
272.673
965.44
881.865
33.6142
777.331
100.767
343.81
97.9586
681.238
136.857
407.59
989.434
154.669
855.312
653.868
192.565
386.538
507.135
568.255
586.265
677.476
7.05284
309.731
244.024
695.656
627.317
267.483
901.27
847.152
688.357
669.084
119.825
653.798
550.949
153.439
431.129
651.716
497.249
529.088
332.954
634.106
936.678
322.388
788.775
791.99
976.256
981.34
178.528
483.391
549.595
764.794
160.867
556.648
74.5242
404.891
252.304
701.842
672.374
153.573
548.993
360.731
822.658
668.818
14.529
373.607
822.257
445.658
25.3227
319.507
974.746
358.277
953.613
911.424
680.665
742.388
703.414
656.921
723.728
881.942
140.312
273.323
646.736
301.18
829.971
721.26
706.071
82.2749
423.102
378.445
235.848
972.095
739.176
58.5057
640.913
753.705
432.112
463.171
199.363
457.435
782.677
174.109
815.712
736.29
85.5325
496.377
478.678
788.947
153.298
202.406
670.889
293.61
475.73
317.625
594.79
305.701
38.8846
300.861
387.976
461.986
679.306
623.824
434.081
418.482
682.33
74.9942
172.187
114.442
538.165
371.55
571.877
320.842
545.659
387.589
57.1324
631.192
883.966
535.81
420.138
37.2633
738.217
91.0271
330.873
213.947
408.652
925.663
519.648
447.536
226.524
907.623
909.522
905.83
531.447
343.603
324.312
213.777
418.598
496.499
328.219
956.762
868.049
900.096
277.604
413.708
287.685
334.737
44.9
171.651
870.547
465.038
208.914
608.764
556.065
539.787
822.711
964.717
465.45
342.358
412.254
691.974
249.982
321.776
597.804
781.429
665.379
922.115
995.206
83.9771
418.614
323.426
40.7394
286.663
223.522
318.344
700.371
511.207
653.081
745.271
682.858
523.628
210.31
891.772
132.392
766.375
431.559
955.103
731.092
897.01
297.461
143.346
588.984
547.443
465.122
186.788
328.872
130.501
108.903
324.079
214.478
527.517
647.504
255.218
814.18
871.026
573.562
514.552
382.234
226.642
259.823
65.0916
750.27
470.133
956.864
882.663
236.508
388.423
837.765
967.6
285.433
135.227
110.945
874.417
682.67
576.067
61.205
11.5419
706.568
170.108
335.621
921.046
697.626
983.125
176.264
511.806
854.151
749.826
26.3577
236.385
976.468
286.181
301.476
726.738
756.313
258.34
609.401
992.821
646.763
447.167
960.42
932.196
582.393
71.3657
806.613
265.063
647.433
867.818
276.605
354.001
37.9267
612.225
275.047
735.552
595.35
451.311
247.358
449.501
201.137
273.716
685.886
177.605
559.897
987.363
904.343
316.21
245.703
513.744
309.03
892.466
960.911
269.451
824.662
543.304
340.817
631.276
808.367
988.249
499.094
84.9717
342.25
537.021
697.197
617.298
272.573
292.547
68.6089
519.931
742.049
269.746
793.647
427.935
447.351
353.544
415.298
351.694
669.753
661
865.439
978.784
553.466
826.35
248.235
378.128
369.654
589.051
9.40383
178.021
577.3
508.498
262.992
919.551
45.5183
960.189
536.848
318.091
252.737
605.457
838.022
994.785
875.203
631.669
422.72
322.554
985.213
838.018
674.248
654.966
499.018
539.687
633.75
52.4841
366.036
881.985
430.612
735.69
471.036
440.016
913.71
48.3365
948.514
176.703
967.887
994.032
136.892
504.735
312.123
389.629
110.192
150.146
384.414
985.395
781.815
807.135
307.949
767.028
645.152
982.197
421.995
144.17
521.884
55.7448
196.654
887.92
937.73
627.267
623.61
408.766
67.283
537.32
457.102
15.797
714.023
424.989
9.82925
850.915
929.725
321.953
240.544
39.9173
472.098
624.959
25.3127
253.914
432.093
333.262
20.9418
77.2457
315.459
442.936
221.416
837.343
498.681
418.07
725.263
436.411
45.337
348.873
845.177
112.62
886.193
302.279
128.417
600.217
727.268
138.246
451.132
656.993
460.199
691.676
696.91
932.297
316.635
722.223
186.211
748.729
55.485
207.153
825.974
370.944
650.089
47.3901
208.287
148.771
465.46
933.551
585.182
510.797
282.424
430.358
623.417
168.617
732.637
751.834
768.834
459.905
890.08
219.966
116.898
350.279
911.642
813.809
282.577
228.277
536.032
468.788
977.006
591.517
675.941
802.98
962.461
326.03
850.37
170.748
474.801
315.831
104.299
59.9822
826.628
386.723
490.34
450.045
555.34
222.977
201.88
324.174
682.883
91.9601
544.139
799.781
442.239
455.781
613.59
724.816
684.059
149.621
193.604
661.065
741.138
869.545
464.045
703.599
195.575
314.415
874.347
670.375
630.246
978.646
730.357
456.874
365.369
220.698
906.92
920.709
443.675
108.799
244.882
126.558
200.759
789.022
926.339
642.999
244.803
539.929
367.815
928.862
689.55
561.419
589.927
430.688
430.964
53.9718
134.286
626.538
368.387
8.63308
296.914
998.633
987.279
27.271
455.507
352.647
247.969
362.427
273.356
691.644
471.226
518.238
818.202
671.985
307.26
744.541
314.984
552.063
284.47
682.799
480.925
974.02
244.218
70.8518
404.708
675.182
124.824
538.994
301.72
493.211
547.627
598.634
491.844
534.906
625.905
947.351
887.553
873.874
309.778
160.91
565.518
781.005
679.148
383.72
452.99
986.408
128.261
767.974
538.471
412.731
450.774
19.3957
386.751
694.992
90.2475
791.459
370.174
215.071
330.453
671.894
708.282
878.08
270.528
200.126
412.986
896.432
147.477
300.539
770.306
457.256
461.449
335.823
238.261
140.597
719.543
691.251
127.004
847.804
459.225
665.475
260.535
909.999
684.871
647.286
604.99
775.118
438.745
975.164
990.189
769.198
647.058
698.471
647.277
917.585
898.597
60.2635
814.017
46.0743
360.803
584.323
503.33
822.252
920.147
741.591
962.849
639.69
432.841
89.853
487.494
892.066
755.328
748.029
802.065
440.199
395.315
407.055
215.317
834.059
382.219
205.507
603.257
29.2768
903.978
250.534
946.862
802.575
310.798
760.879
848.649
671.601
345.203
351.979
493.853
265.349
93.5698
456.701
905.039
526.411
546.554
392.533
418.478
301.882
140.561
220.543
742.081
535.876
627.598
957.399
369.935
9.81699
162.905
973.192
39.0938
66.8829
223.726
985.956
869.458
534.524
746.835
718.107
206.124
92.0375
70.0858
699.977
357.387
163.656
156.678
262.425
690.067
703.232
654.958
108.544
5.11474
795.519
329.087
747.196
331.395
956.685
704.595
701.33
966.502
867.5
674.521
5.59546
934.383
898.247
991.551
803.84
432.771
738.386
521.947
638.895
830.424
592.033
338.872
187.81
755.688
495.551
450.236
445.755
198.783
105.194
554.299
203.898
900.713
883.386
951.094
232.107
840.071
655.688
933.437
806.573
523.188
607.958
812.168
457.571
506.206
803.719
261.412
938.977
542.105
783.359
577.872
372.529
375.391
916.745
560.339
131.08
412.295
10.575
576.835
611.078
115.769
131.134
814.976
16.4811
14.5206
766.07
248.588
854.592
421.758
182.025
661.164
944.947
789.984
473.333
402.518
296.189
277.052
663.929
235.166
819.157
447.288
813.038
191.686
822.679
729.783
752.026
953.759
142.078
762.601
530.594
753.156
878.369
661.728
568.132
894.85
676.249
334.202
143.439
530.84
755.96
325.464
192.005
700.906
115.448
665.337
103.424
411.637
942.389
767.353
646.803
761.546
214.641
459.842
953.233
37.3204
189.624
705.258
991.079
331.702
467.859
521.673
84.8585
346.228
183.401
652.99
241.079
859.65
987.192
384.518
390.49
743.152
709.982
582.494
444.058
825.43
247.831
547.482
237.067
190.22
314.835
883.871
951.766
529.476
343.712
904.999
566.797
533.337
610.257
557.876
865.039
78.1164
79.5491
949.898
424.345
262.95
602.888
665.424
122.6
590.08
49.9414
513.09
333.232
759.923
95.5839
777.29
585.353
343.415
324.771
822.421
533.635
639.607
706.292
485.402
169.083
50.0042
390.401
735.879
583.341
0.658077
293.755
448.38
78.7745
373.304
398.278
503.119
636.255
1.16599
168.543
758.854
591.246
218.484
271.944
924.478
978.408
367.528
701.767
563.761
710.943
26.539
386.182
244.578
666.146
92.474
729.98
835.228
142.478
120.381
571.108
725.819
121.039
864.863
174.2
199.813
238.168
572.477
702.933
874.422
573.643
871.476
633.277
164.89
89.9601
905.221
89.3673
68.3679
272.748
791.135
632.129
983.691
817.674
18.3114
228.269
483.819
110.785
958.25
319.048
253.264
78.6304
890.156
979.083
199.669
755.019
153.282
399.483
993.187
725.76
102.416
867.609
299.403
973.891
500.885
464.293
63.8514
406.106
553.66
132.219
678.854
344.795
764.349
662.545
162.469
782.66
890.815
646.288
893.445
849.064
965.336
146.709
927.695
855.492
125.792
127.364
610.51
279.074
526.847
603.697
4.83395
629.262
471.306
304.237
603.154
972.191
768.53
667.005
378.297
322.19
799.224
57.1513
666.985
563.573
719.697
829.454
346.233
610.512
475.742
239.678
459.576
441.078
386.387
387.271
296.57
512.178
514.635
907.08
791.253
41.4819
510.777
796.086
670.744
982.083
100.324
273.898
954.274
868.854
940.903
332.571
191.044
740.127
389.722
858.029
303.7
109.419
687.483
649.933
719.931
163.226
889.611
179.507
604.304
275.998
566.778
900.874
788.176
81.4126
807.954
579.429
122.894
318.731
375.515
793.639
300.814
475.839
67.5367
255.088
344.693
8.43977
587.659
535.737
748.567
977.381
393.767
52.2676
86.8004
81.2501
702.201
806.731
244.476
591.812
986.238
848.78
867.81
553.015
749.654
655.986
634.428
557.608
235.415
757.322
876.34
610.931
550.961
177.154
86.7702
618.498
432.242
431.463
626.938
19.9006
967.2
375.505
997.282
360.967
427.772
84.0822
442.217
129.973
890.813
686.693
721.785
877.051
535.473
589.595
430.066
285.127
245.582
64.4942
842.736
480.997
821.816
719.075
91.928
372.778
896.229
178.698
991.275
328.471
610.161
618.213
348.371
577.362
993.718
345.653
938.329
421.49
429.735
380.546
551.463
320.549
67.2395
273.249
197.6
602.713
862.844
627.666
887.84
108.425
692.16
730.576
589.423
513.977
449.651
681.351
886.754
345.88
860.049
878.03
674.351
470.21
496.243
22.7225
47.5721
489.96
368.376
985.901
911.451
798.111
366.447
462.914
118.66
433.687
736.163
316.259
36.3996
599.007
943.925
924.24
707.432
636.085
654.816
296.855
150.062
104.467
978.205
36.8162
450.347
838.254
914.846
124.699
308.464
411.088
147.421
356.036
901.049
515.797
341.938
812.499
313.908
708.385
275.414
432.568
142.072
11.5763
748.827
178.471
610.583
692.753
102.711
318.015
328.838
757.527
614.87
478.9
861.994
593.075
515.716
312.341
431.329
430.562
437.04
739.793
841.65
584.461
95.8297
742.699
100.258
437.767
555.199
414.166
146.152
830.612
846.734
288.224
842.188
595.561
466.696
452.771
288.314
569.407
770.787
617.152
326.934
385.656
96.0523
188.928
978.732
611.769
501.269
410.061
42.3308
938.309
149.854
883.981
522.771
245.684
626.68
623.029
683.451
181.879
37.1953
829.603
12.4911
883.929
117.828
854.68
479.491
584.523
307.451
767.805
153.93
78.2376
384.957
480.864
463.894
481.01
669.792
442.626
92.7783
171.061
852.687
135.109
109.37
2.54092
19.0903
632.141
248.225
645.771
255.17
931.676
827.65
292.365
761.28
840.141
176.294
879.107
694.82
655.785
463.63
2.2714
423.59
617.56
80.509
808.548
98.4242
544.403
289.557
768.216
987.029
382.336
939.276
839.716
517.445
48.6465
842.257
536.535
680.787
90.4815
182.306
935.957
22.1577
9.95525
228.322
783.437
850.096
404.616
662.545
544.916
60.4016
126.175
547.188
483.992
743.736
627.697
292.54
842.16
172.1
582.097
610.375
159.129
964.433
549.652
998.845
481.877
598.299
841.101
18.4123
279.086
931.583
200.718
215.043
953.74
210.673
443.364
737.178
60.7692
847.981
399.722
605.686
908.382
525.897
152.873
392.374
269.633
780.57
684.914
111.793
952.67
267.011
722.168
111.799
231.444
271.82
110.644
713.321
870.119
951.745
731.734
149.204
883.327
932.452
364.247
837.068
143.125
807.611
574.245
203.894
655.592
973.967
809.58
563.974
499.865
962.453
956.349
769.498
743.023
641.263
881.29
695.694
908.274
603.458
807.493
139.718
875.278
918.137
853.039
745.397
869.881
584.773
894.601
753.209
517.225
258.848
590.277
660.35
66.4593
164.522
864.244
722.051
138.489
673.823
286.025
638.354
636.277
242.374
407.852
379.3
883.637
289.142
74.9934
791.911
892.6
882.486
931.629
767.879
800.623
784.668
513.276
670.504
369.441
407.877
423.713
886.666
666.725
13.9897
547.016
733.184
178.511
411.26
455.235
317.001
85.0835
741.261
955.355
721.36
983.635
363.206
100.66
867.272
652.348
175.653
659.182
544.949
58.1395
590.811
312.827
858.762
375.479
826.103
529.267
744.92
233.979
952.98
631.587
900.704
966.97
178.603
633.888
145.481
589.863
89.1233
462.482
674.946
830.384
417.836
396.306
814.019
781.042
496.966
681.29
433.391
672.62
340.473
978.339
730.759
931.283
291.166
589.521
306.762
117.269
118.788
51.6827
351.249
71.7679
683.269
251.953
38.7375
861.872
885.841
184.218
451.735
974.964
646.7
126.681
805.348
64.5362
522.988
619.367
845.579
19.9538
300.657
278.969
692.573
641.13
257.309
423.332
572.414
548.475
12.8538
879.176
665.744
131.642
930.859
16.9929
203.41
614.128
268.945
242.147
476
154.786
426.366
927.735
129.75
73.0658
54.4164
935.098
137.602
577.404
554.465
983.181
597.358
855.122
262.15
289.931
496.252
519.459
713.263
68.6659
67.934
726.117
947.842
733.678
857.759
878.701
750.671
61.1689
492.829
19.6169
303.316
968.829
174.403
729.682
896.564
304.153
802.748
950.981
239.251
940.35
528.384
793.716
923.53
125.742
648.838
185.681
415.673
145.09
705.139
128.937
213.756
773.073
855.054
161.598
506.752
712.813
40.2988
257.423
773.982
533.128
277.04
77.298
501.956
451.443
806.98
398.521
755.596
609.728
349.501
994.847
550.077
877.886
788.562
473.608
3.62782
437.4
659.288
419.301
582.49
364.428
548.238
796.246
137.501
403.292
957.845
644.253
116.105
998.143
901.676
890.087
531.271
178.716
967.385
33.2273
630.159
774.365
431.748
385.755
384.092
781.249
380.601
934.17
659.135
169.163
407.777
662.762
606.563
67.0657
82.0635
189.053
431.493
630.301
985.3
568.994
33.5931
943.144
213.247
149.698
941.288
114.923
39.7846
472.559
293.639
7.16927
505.786
923.798
781.534
937.534
309.552
165.626
718.783
690.154
99.7958
377.917
859.317
507.573
40.6797
465.88
574.639
122.743
654.933
6.13212
753.045
640.233
575.126
786.638
583.378
788.373
936.336
524.666
903.296
976.12
997.224
196.935
983.289
503.01
120.733
764.823
440.544
430.285
930.449
159.327
120.439
30.2453
537.244
979.755
537.819
577.924
445.635
112.457
700.667
100.569
118.59
453.711
740.802
693.716
240.349
324.18
482.089
176.684
848.845
385.385
152.805
846.07
582.32
136.094
349.08
703.053
900.917
789.623
133.338
831.367
948.95
253.776
861.612
486.194
233.532
399.431
64.1172
679.167
511.888
764.784
779.736
630.477
218.495
520.538
324.193
458.844
844.718
806.282
635.529
693.563
191.668
788.333
539.633
773.988
924.427
888.712
477.041
825.344
678.335
610.379
656.711
627.285
864.155
518.323
113.479
97.6868
917.754
177.596
776.854
429.641
942.38
556.59
60.1189
160.875
77.1273
384.312
619.719
921.845
190.595
255.248
615.408
382.262
43.5808
155.041
156.25
968.008
43.7527
633.291
793.352
722.088
243.67
450.063
349.373
107.825
968.386
462.852
205.511
886.14
640.448
982.365
315.781
582.828
538.955
375.9
743.704
616.082
760.212
363.423
537.927
950.807
618.671
153.335
333.069
662.251
308.376
489.319
630.259
352.128
122.61
423.611
74.2166
366.279
873.675
423.59
474.104
842.061
886.443
679.616
728.201
526.891
661.981
43.9818
109.719
200.936
419.882
853.423
817.018
180.094
216.846
354.945
130.901
835.516
508.28
463.97
497.768
816.656
953.289
128.027
168.784
75.8991
551.638
243.001
442.179
425.313
666.591
916.283
267.374
553.034
595.898
995.575
79.9246
257.879
39.5564
189.644
458.815
459.438
43.0672
275.833
639.532
259.913
630.778
770.433
95.4294
139.058
234.404
593.197
955.714
187.693
721.224
124.498
263.592
272.863
367.499
705.77
698.176
34.0901
622.053
965.55
587.124
217.951
961.124
667.048
475.83
0.680521
856.692
934.645
460.119
899.76
210.478
99.6513
159.673
841.256
870.085
255.102
980.314
104.488
848.299
936.028
292.181
569.523
60.5267
555.773
842.386
428.026
261.543
540.561
462.116
883.596
506.111
49.2396
101.547
467.235
716.288
577.378
467.916
572.98
512.023
928.034
472.74
722.501
27.6857
632.412
563.758
897.77
887.514
544.072
2.25872
735.813
480.101
294.44
305.336
540.627
850.212
147.722
968.653
111.755
688.283
430.769
995.351
194.394
480.009
96.8984
661.63
196.296
674.276
129.545
769.277
186.299
57.5797
242.017
908.8
85.2654
874.429
472.558
983.036
761.943
16.6301
985.295
497.756
496.731
279.734
803.093
37.3579
129.947
950.815
6.01092
241.702
639.099
436.78
237.053
833.493
916.788
333.952
495.123
113.085
8.22741
624.668
882.362
194.526
682.248
124.378
103.327
767.513
998.807
575.884
750.549
760.75
592.514
735.843
258.507
89.2451
15.5777
61.5998
126.603
145.524
12.4148
132.614
387.226
651.513
569.394
624.279
485.006
486.182
958.231
980.129
599.267
966.458
604.797
481.629
160.985
287.044
606.007
264.311
54.5573
604.815
840.196
805.106
365.565
432.71
540.95
624.072
521.955
556.527
685.672
648.558
702.052
698.086
781.172
89.2779
349.6
350.566
713.557
834.606
836.748
671.788
814.735
436.015
638.246
419.532
917.644
799.231
706.576
523.652
63.5422
761.133
128.466
903.738
566.239
494.031
336.448
107.189
118.103
858.403
663.716
803.775
506.961
365.768
501.861
288.133
455.046
851.461
638.699
168.603
686.067
475.448
840.391
500.802
911.463
478.637
920.333
829.108
277.869
626.909
352.759
341.411
388.042
481.226
245.149
954.281
975.257
581.596
61.4702
93.3601
439.999
725.186
897.135
946.961
90.9541
398.996
235.094
546
250.457
873.793
714.603
936.523
349.241
554.994
437.325
260.704
33.6311
357.658
89.8115
311.5
984.567
442.571
652.91
372.609
923.796
898.059
326.89
899.053
479.655
388.36
992.414
919.655
113.547
889.548
866.616
204.501
288.544
101.71
750.5
539.001
975.503
465.103
475.524
324.744
20.0965
912.849
585.448
53.7276
270.506
675.26
365.227
255.073
117.83
18.1376
627.682
41.6268
916.197
954.572
940.68
395.852
342.932
933.094
315.507
456.479
822.642
182.122
660.98
111.186
283.832
411.48
650.187
259.335
876.583
125.711
584.079
896.679
38.5597
169.527
950.407
309.066
844.786
315.634
564.139
962.617
333.772
191.821
4.24356
249.968
146.394
944.924
645.82
489.326
878.018
961.327
945.805
700.66
143.449
606.784
811.846
427.281
18.2643
462.033
686.616
894.847
587.744
270.695
791.526
626.304
440.222
741.933
935.37
285.008
57.5673
499.51
247.625
391.339
691.331
251.868
641.307
837.725
196.792
287.127
327.051
74.81
248.454
272.855
775.47
391.904
879.64
587.316
819.185
897.904
49.3492
505.801
792.751
637.094
776.496
584.277
263.398
216.717
326.21
198.768
501.726
383.778
698.277
749.351
775.117
389.609
1.21898
416.424
227.333
198.011
703.552
554.384
272.821
952.006
827.239
48.2911
343.91
706.879
635.607
163.094
604.783
684.956
668.895
397.534
322.05
445.391
981.811
585.447
662.108
308.021
784.215
163.834
691.799
482.493
913.184
466.916
872.101
914.403
883.34
99.4342
112.414
586.891
653.818
385.236
538.897
481.057
433.527
882.807
187.936
69.1338
45.9011
792.718
754.09
714.796
190.252
76.14
160.187
172.062
661.587
822.295
480.084
445.802
986.128
171.883
928.295
899.312
638.799
800.396
813.715
522.138
899.83
926.13
109.03
553.648
311.365
647.927
34.7051
744.892
530.734
222.641
814.026
576.635
15.3587
568.116
291.431
205.61
644.256
451.618
377.673
305.844
273.912
857.757
751.646
260.041
29.6393
679.941
159.353
668.438
480.337
973.069
190.576
380.168
899.198
299.606
933.816
210.564
947.532
968.521
955.456
478.266
191.162
769.482
54.9008
206.52
337.598
346.332
412.131
981.855
797.949
789.804
287.698
71.8618
647.56
39.344
331.902
677.199
719.285
491.256
345.637
199.622
464.324
536.213
579.79
363.522
835.819
513.606
574.086
783.351
482.127
529.542
261.618
673.288
299.024
316.518
879.808
636.623
662.85
291.939
618.477
460.8
81.7427
906.175
532.661
729.303
945.519
864.564
406.502
664.804
355.819
752.139
864.427
820.143
288.353
444.216
183.666
124.172
957.822
757.752
907.523
439.949
287.294
169.141
113.237
586.319
485.659
993.045
222.942
148.509
284.984
841.419
609.309
366.727
747.594
141.97
96.0298
693.113
6.53375
502.532
357.918
362.353
254.671
222.344
182.496
543.024
666.561
366.162
667.196
624.383
123.915
574.719
64.3311
411.209
743.86
177.568
997.528
229.519
170.613
220.469
378.028
455.597
61.8883
987.337
822.324
809.482
129.307
918.354
502.596
135.841
420.886
860.514
498.194
675.557
82.8579
680.69
218.581
749.419
46.8524
885.777
373.801
170.767
460.496
438.132
581.976
204.356
615.7
579.504
433.875
786.313
799.973
811.903
241.91
861.862
799.239
64.2346
671.344
928.546
982.589
173.94
64.3866
403.475
34.4533
562.58
79.0322
117.311
243.27
297.614
866.73
290.123
183.391
240.531
460.889
643.887
678.663
42.8653
848.243
294.363
622.369
282.117
80.6761
422.342
94.02
322.586
284.204
893.259
386.821
955.548
821.805
369.41
129.487
886.192
772.884
163.941
448.772
851.917
281.252
692.042
149.53
147.981
982.165
332.921
388.512
443.054
976.808
67.1753
485.919
825.051
361.538
108.288
107.169
442.214
530.631
201.189
764.801
814.834
94.4481
151.622
770.382
916.253
521.031
899.869
802.445
293.916
63.81
251.218
145.832
345.062
943.26
295.362
493.043
925.424
628.284
881.555
368.479
605.092
948.731
854.398
430.143
310.269
962.686
537.312
752.483
493.317
738.501
517.284
308.151
832.949
668.906
78.5333
749.202
189.937
978.403
551.648
483.852
42.2126
802.865
629.684
387.274
746.125
925.047
880.318
671.549
553.33
761.873
40.028
158.422
710.604
894.426
588.565
20.873
857.112
125.877
773.356
350.429
864.378
290.641
658.581
697.326
959.546
737.114
446.528
149.483
715.517
998.176
633.336
757.729
801.041
263.02
145.004
547.166
188.067
25.3214
218.715
741.397
787.195
258.743
899.82
497.799
153.169
488.385
518.672
10.2819
614.262
292.028
360.711
478.64
582.669
19.292
175.966
542.215
756.406
622.495
691.699
471.923
620.671
325.034
229.652
421.712
588.054
374.656
968.878
776.122
399.977
187.593
517.519
187.172
446.337
417.338
684.97
599.506
905.723
203.642
609.788
519.985
495.67
970.5
998.625
78.3388
989.792
174.591
620.554
746.198
797.086
312.253
218.12
417.756
637.287
447.772
839.468
225.341
822.428
808.346
1.4628
222.405
995.939
518.982
409.577
442.276
936.32
94.547
41.7827
842.044
298.189
651.571
362.029
793.859
622.071
360.654
872.198
611.862
535.245
492.752
358.06
332.331
805.004
576.18
750.087
442.291
23.9527
589.555
667.633
846.381
397.901
669.095
68.7856
393.841
188.077
478.362
836.117
124.397
572.909
877.9
966.441
871.098
529.471
328.47
664.957
151.541
689.124
537.155
763.403
224.369
29.9072
121.463
556.7
834.912
697.644
306.787
277.203
721.596
896.342
944.836
567.977
294.243
613.931
636.763
688.084
802.008
115.125
524.201
926.405
688.034
402.1
892.846
559.133
931.571
221.316
224.09
83.1119
910.439
761.245
846.515
134.808
791.153
967.979
691.508
626.064
665.623
998.295
903.267
387.219
894.637
848.103
955.196
188.88
462.034
591.959
876.964
264.042
707.084
401.164
190.447
395.118
803.265
83.2927
954.251
734.835
304.608
178.341
817.947
215.048
939.587
664.463
349.856
730.739
632.441
41.3639
356.804
298.064
39.6587
260.071
685.283
934.296
108.174
640.479
123.176
570.207
232.438
0.139395
834.249
939.522
401.304
24.6956
334.64
204.569
107.988
288.891
939.404
412.597
467.233
757.351
627.644
406.819
421.814
977.5
137.559
54.2555
18.8643
494.362
352.319
58.523
754.433
37.6026
992.819
862.606
678.082
115.994
432.814
910.52
116.134
267.063
850.042
517.437
291.758
184.683
722.006
399.746
473.574
661.41
812.343
940.806
418.761
439.988
347.626
840.575
417.488
485.184
894.831
436.352
979.546
247.15
494.875
733.979
284.753
487.694
596.586
962.835
603.688
29.3995
873.355
719.822
296.462
723.397
237.259
588.22
908.08
959.265
987.967
381.654
620.675
800.31
322.46
39.4364
240.297
670.086
880.012
657.785
155.27
774.843
94.1374
134.816
21.9929
589.013
868.796
306.746
76.7065
465.381
269.581
680.395
494.781
142.936
400.216
791.243
866.333
637.475
379.463
774.413
596.74
367.43
156.066
217.415
167.739
478.526
256.852
408.037
148.612
136.864
65.8219
303.882
911.706
159.959
438.699
933.699
748.972
307.494
240.445
825.679
772.876
510.026
506.073
267.657
652.961
906.289
58.8996
519.294
543.764
438.363
293.707
140.505
805.792
449.773
357.92
973.532
928.3
614.772
381.568
76.9119
751.635
447.39
380.794
663.341
607.35
819.493
597.041
356.322
126.987
837.486
182
899.863
347.511
688.073
167.52
0.472799
594.362
226.419
519.767
138.127
664.782
813.474
278.631
470.574
263.248
636.551
444.106
191.547
251.323
825.674
268.459
2.95836
273.065
649.253
666.3
880.414
468.746
263.34
236.736
595.733
100.826
418.736
495.596
448.337
106.81
663.116
448.81
701.172
889.535
968.577
839.299
554.317
782.052
117.93
24.8918
45.2992
754.481
468.998
236.846
5.80455
294.672
505.306
8.76291
567.737
154.559
675.063
448.151
623.305
938.403
684.887
219.038
39.2293
103.624
714.634
487.567
210.433
377.75
936.377
911.605
267.286
904.954
750.904
821.603
687.006
868.834
846.495
732.305
623.316
315.493
969.152
629.12
610.165
474.457
637.883
177.902
629.016
312.946
626.054
252.321
251.349
310.941
471.359
290.578
414.565
185.994
778.145
624.998
563.744
714.522
536.603
831.03
619.476
287.507
652.633
306.482
156.342
499.128
38.7875
779.657
814.621
7.93922
408.778
424.787
482.396
46.6609
602.689
111.413
359.607
228.743
363.734
610.956
539.684
835.093
901.535
954.248
21.0863
679.68
579.246
584.83
394.202
115.85
415.86
13.6782
403.357
68.4932
320.161
559.699
567.622
358.948
339.356
382.243
366.887
748.134
807.03
849.284
794.795
409.719
960.696
154.402
638.461
324.43
765.358
178.145
159.523
666.892
132.393
180.609
346.572
711.64
765.439
740.774
827.49
181.299
754.452
230.847
249.792
74.6127
790.546
817.414
433.561
129.902
199.657
800.448
878.036
6.68626
649.732
672.831
416.405
610.428
827.233
54.8659
934.858
592.591
233.011
94.3808
259.484
365.404
274.99
606.056
77.0434
40.4288
346.83
904.533
221.728
101.282
135.38
471.52
175.895
925.926
288.934
609.455
55.8279
488.591
409.903
933.864
495.277
59.6351
606.696
911.682
670.063
433.929
966.548
604.921
26.5203
199.558
699.302
286.004
564.962
974.292
892.06
642.005
14.7207
238.89
546.538
236.449
340.171
681.918
707.969
516.066
607.844
996.903
125.521
663.672
485.494
535.424
597.536
980.771
595.06
204.232
892.453
265.123
638.161
859.001
870.044
664.681
58.5591
569.347
950.685
623.521
543.638
842.745
265.527
558.359
81.6342
812.065
794.808
421.806
493.983
502.777
937.872
101.827
499.68
63.3928
765.499
985.174
598.817
363.034
965.945
193.877
567.266
858.398
459
205.427
717.399
329.044
870.108
775.958
898.391
820.793
399.48
442.029
663.537
665.006
0.388209
745.172
477.071
795.196
166.977
971.055
297.973
104.849
72.8815
797.653
168.242
838.38
782.827
767.059
201.415
748.773
960.936
768.681
607.171
419.936
974.107
324.57
748.98
844.215
100.528
647.37
665.008
500.008
89.3992
328.545
165.014
89.7875
73.7172
642.086
884.984
240.695
613.14
182.957
345.543
686.022
980.61
513.785
524.402
763.437
280.844
725.816
512.21
241.78
494.497
119.381
661.715
468.605
443.951
410.695
312.82
544.479
58.0651
977.828
44.4873
147.464
306.373
209.502
237.252
380.09
851.587
122.235
620.785
464.728
305.192
966.328
150.749
285.802
480.114
675.151
49.2387
760.958
400.968
561.448
2.73745
895.465
680.829
664.453
364.069
124.78
75.1477
676.889
669.259
133.213
654.717
713.746
280.677
961.09
923.248
517.929
341.181
774.835
640.165
961.966
239.563
945.357
928.294
390.312
231.158
408.408
65.4634
280.397
169.366
466.431
841.845
172.103
361.896
522.674
836.556
725.966
647.454
911.704
402.855
316.713
44.9164
57.5719
30.4588
325.594
18.6623
953.707
843.523
359.843
728.542
483.687
321.809
968.104
429.044
250.103
358.417
660.202
658.511
423.88
940.599
827.877
890.311
782.444
999.98
252.207
305.118
836.536
978.173
952.572
748.239
381.027
269.285
793.156
438.599
299.743
118.75
457.262
253.45
962.272
817.105
981.992
445.96
138.914
950.096
875.004
389.017
308.513
535.206
47.5288
732.393
475.805
875.406
622.704
258.249
875.386
874.911
563.368
711.922
853.084
515.94
460.161
234.111
785.224
253.317
672.71
84.9679
372.067
129.972
338.418
334.339
947.077
320.41
780.299
85.9909
270.506
655.303
475.008
579.018
190.509
522.537
311.411
666.314
397.943
934.115
924.563
273.329
809.025
487.931
985.25
662.109
3.87052
445.411
896.22
789.095
698.728
568.93
874.063
70.7949
698.902
212.481
405.134
645.979
532.89
185.433
731.97
803.396
840.735
206.979
382.414
31.2438
729.516
693.825
697.557
127.459
627.94
622.12
400.787
436.965
110.051
386.038
99.0738
113.922
831.449
995.294
903.017
530.177
564.224
777.079
600.972
263.127
989.56
6.10601
909.106
522.451
191.539
641.077
325.846
32.2739
848.055
708.261
63.5177
577.571
402.086
761.075
705.03
30.0252
383.196
105.817
466.99
493.247
491.854
566.064
607.168
323.303
561.358
510.185
853.481
125.582
287.264
454.453
388.709
276.825
460.559
297.815
799.275
652.098
938.891
125.122
684.371
786.947
833.382
747.889
364.518
235.468
508.964
69.5474
265.493
892.16
175.364
732.483
385.406
667.219
298.547
992.575
990.522
859.905
502.76
844.003
985.487
790.024
298.456
374.195
66.8484
759.015
672.01
866.123
411.112
610.902
991.245
95.4836
397.848
824.627
843.373
762.366
60.0951
352.337
831.913
325.588
244.497
7.27776
58.0712
629.903
674.497
356.618
622.478
665.019
216.523
125.238
509.022
202.01
915.261
807.477
576.205
982.11
566.492
248.216
848.233
977.604
859.117
839.478
73.0878
256.965
664.106
916.461
19.3315
724.201
268.798
851.245
49.7888
513.295
858.523
107.86
143.198
533.019
464.478
765.676
198.038
681.001
890.914
707.06
883.011
806.175
514.537
459.217
788.285
81.0294
707.432
636.518
58.6337
566.549
475.997
131.721
823.515
140.102
48.1821
842.846
864.303
316.98
694.091
914.092
830.274
552.614
21.9518
973.472
85.6331
486.43
739.148
283.671
167.431
630.062
990.731
50.4428
436.237
505.268
509.659
224.522
586.298
217.091
861.04
644.931
783.641
337.037
776.653
607.155
477.139
824.835
450.002
341.442
141.815
144.093
255.533
972.089
696.707
277.485
945.561
782.34
763.915
684.71
66.0109
931.347
314.771
56.7419
981.79
751.008
562.01
491.449
975.53
148.308
708.54
836.57
793.239
492.181
173.607
569.892
99.3362
650.745
394.727
549.338
992.187
536.541
693.431
247.72
508.63
390.137
525.206
454.192
172.477
289.121
138.901
238.488
220.468
453.673
295.23
202.257
204.681
857.24
693.706
180.211
5.54753
402.246
16.7812
798.787
894.427
190.388
368.679
993.763
841.133
763.405
543.101
833.32
299.947
236.532
81.0409
808.577
626.669
606.247
262.769
799.146
895.367
401.67
37.6335
115.835
855.343
332.863
318.092
60.0236
190.103
11.7983
240.235
195.65
414.045
257.016
994.437
308.472
447.404
363.116
302.235
288.537
126.521
845.336
121.857
426.468
81.8677
202.898
235.045
708.537
809.145
497.814
507.682
704.512
899.484
545.316
820.347
754.826
878.179
138.44
814.85
68.2819
150.238
55.0846
263.932
564.283
312.1
258.369
872.754
759.504
621.485
174.989
48.0411
748.006
20.3252
169.899
174.474
102.193
372.797
409.519
810.729
181.942
907.332
318.412
886.454
806.816
863.728
706.801
561.642
741.907
845.241
376.492
810.189
995.479
431.577
74.1209
559.762
743.677
332.49
432.516
503.181
953.975
607.506
551.223
701.981
627.831
721.121
876.455
730.024
93.918
285.974
540.753
275.86
193.306
859.165
162.314
0.121956
722.893
869.115
561.764
464.799
714.356
938.257
274.988
709.836
369.834
349.109
269.598
113.511
681.599
702.114
616.692
635.574
309.62
167.915
337.556
937.451
889.036
214.011
667.475
982.954
499.984
208.228
258.814
693.29
67.3931
421.127
693.412
790.286
290.243
255.177
255.085
4.5989
193.433
530.073
714.435
563.267
879.181
984.033
676.778
560.78
686.147
293.47
196.354
995.767
461.385
533.91
933.218
350.422
747.921
600.693
333.376
247.905
808.921
592.19
941.196
876.314
13.317
634.608
666.6
303.559
889.784
921.685
308.158
83.2177
451.757
22.5931
646.485
330.938
6.62578
323.263
891.718
692.773
616.733
88.0729
688.54
78.1183
621.983
621.758
428.54
369.904
222.451
761.916
617.809
31.3721
354.105
559.005
907.686
367.422
193.613
574.286
670.982
83.3971
495.971
979.14
166.615
947.728
1.73328
813.099
278.666
8.35906
136.362
170.384
701.132
753.095
258.457
389.672
831.213
880.44
11.4301
259.753
250.344
233.881
21.669
868.154
265.253
375.774
427.158
172.94
743.197
620.771
747.226
414.178
704.168
243.196
393.319
870.783
190.924
395.052
683.882
469.59
403.411
820.244
639.974
104.543
573.339
898.431
494.215
404.553
778.872
505.645
664.306
29.2158
739.526
685.975
897.369
4.77968
61.7491
324.528
177.719
804.946
945.299
924.945
219.124
649.467
168.141
612.443
520.25
359.065
7.49464
204.132
828.654
410.906
24.3766
468.628
515.448
597.716
367.06
9.66326
2.26837
145.931
515.308
666.574
175.147
254.834
352.549
72.5164
259.614
414.298
397.044
437.333
219.244
342.343
362.278
438.368
991.81
530.419
50.8106
512.06
889.484
58.3053
716.192
718.138
469.211
740.569
186.767
984.659
338.285
553.826
994.323
340.553
699.758
509.631
7.12704
874.905
764.465
359.676
947.421
24.0794
773.974
344.465
461.413
993.218
686.808
823.691
431.586
678.618
354.111
482.396
190.678
243.595
540.701
906.87
961.733
9.91233
647.439
148.5
994.572
985.724
702.326
988.894
326.277
402.084
498.525
333.404
276.989
262.99
693.08
224.41
287.07
467.054
568.875
748.482
460.271
255.683
572.174
891.857
934.302
926.284
374.253
124.98
169.879
914.954
31.8506
131.612
924.867
679.29
280.111
919.438
665.013
982.438
908.333
991.29
384.521
406.858
324.694
661.51
669.848
17.7734
885.92
956.917
484.827
454.795
705.4
945.098
710.478
277.573
836.955
644.78
203.857
211.208
769.76
373.736
126.163
801.61
505.348
51.0293
480.9
785.459
970.468
145.914
767.897
878.8
137.204
152.419
285.658
461.898
813.929
955.506
479.671
699.848
912.423
964.498
154.643
617.823
909.596
865.121
895.396
746.551
509.9
99.2534
957.759
279.66
472.99
83.9219
81.2705
978.337
134.951
562.171
763.797
105.419
708.084
531.694
984.219
845.288
684.112
269.877
307.186
498.041
225.383
786.857
197.889
137.806
751.355
352.532
755.629
660.951
217.652
651.025
407.502
727.553
750.278
365.262
7.21262
223.267
449.184
88.4832
201.605
584.135
650.654
965.402
689.554
358.738
497.096
673.773
204.027
181.208
943.651
511.212
679.249
169.034
298.069
877.138
306.84
49.4241
229.669
62.4681
710.375
447.322
713.493
117.878
174.874
463.771
483.14
182.087
687.038
932.323
270.57
888.643
516.458
921.224
854.045
206.012
279.962
351.14
879.785
483.989
532.348
823.436
995.201
211.597
992.469
293.27
88.7351
299.309
342.694
318.405
361.777
53.0696
765.726
75.2698
170.947
940.6
539.04
654.087
122.687
226.078
586.41
393.257
114.722
102.868
314.481
968.766
308.88
594.443
319.907
188.665
78.4316
852.255
12.1013
73.6326
63.8526
4.57071
366.903
152.588
303.88
709.597
470.992
665.657
762.667
236.718
740.927
933.614
177.319
279.967
587.701
300.006
506.046
174.111
693.263
620.767
276.979
7.74375
589.533
585.859
602.187
909.44
774.525
680.618
761.696
786.626
754.251
825.548
791.197
121.154
978.136
95.0762
830.751
449.128
760.733
593.418
685.846
501.66
527.032
863.165
781.627
114.732
163.171
287.672
288.843
856.434
908.439
565.822
864.177
497.973
151.681
466.364
407.413
926.206
146.982
169.109
712.832
901.233
994.657
504.028
22.3872
972.792
599.105
853.138
421.92
359.838
446.556
107.766
861.497
973.587
970.931
643.124
88.3196
134.102
930.796
377.163
990.535
839.236
942.985
854.713
337.208
94.6665
321.077
744.621
20.8725
468.059
913.73
733.704
369.293
908.386
237.733
391.68
881.179
836.837
244.818
303.099
196.675
691.374
410.865
58.1726
664.961
381.797
701.297
753.281
515.899
632.093
130.444
506.434
471.329
73.4286
361.147
808.537
168.095
682.224
553.158
188.968
150.283
466.887
922.672
519.575
375.274
160.405
911.255
256.452
997.242
156.073
559.551
193.918
847.447
970.417
252.09
512.408
352.213
953.387
265.689
868.112
585.48
396.132
374.546
56.8084
469.561
735.693
865.345
637.656
417.917
418.503
826.624
568.199
885.39
749.296
87.775
260.664
909.701
999.03
517.117
906.943
155.104
76.6679
100.861
2.5509
47.0845
352.951
514.959
399.298
306.338
780.648
267.41
891.818
176.78
641.956
948.627
646.341
377.649
813.972
283.998
795.565
232.475
110.621
363.765
117.865
859.917
451.54
378.529
769.618
450.57
895.646
676.562
605.674
972.314
777.423
608.225
19.3983
130.374
123.184
418.696
436.712
903.832
686.106
328.53
80.612
328.061
277.157
726.953
705.71
91.1284
10.9509
501.275
323.603
121.572
865.04
441.468
981.49
316.58
819.998
751.108
767.149
715.643
427.67
372.823
687.957
205.092
981.048
707.356
335.466
104.231
126.052
772.178
8.06308
812.157
100.708
88.6751
140.219
377.865
815.628
845.929
468.994
826.579
347.204
792.597
948.152
212.244
234.065
929.641
528.823
54.0623
680.749
295.973
769.706
108.419
668.796
457.663
313.511
649.844
165.019
648.978
754.075
291.07
421.156
762.138
103.228
521.864
850.813
243.447
899.73
666.442
89.3754
368.723
493.021
436.579
161.32
441.173
648.823
395.385
370.814
177.647
449.447
51.5635
473.62
219.153
159.982
142.416
676.816
473.494
792.26
841.835
122.471
546.335
132.905
543.627
308.473
236.133
65.4917
159.286
479.58
965.221
825.728
568.955
333.945
318.749
5.53458
495.264
759.922
654.358
890.649
130.736
832.005
340.096
182.3
305.624
559.249
342.282
448.04
236.065
815.776
240.3
77.9
938.248
786.634
210.805
481.875
95.1075
446.938
547.367
254.394
926.518
512.588
80.1223
495.473
846.532
398.872
501.008
341.797
158.794
155.366
232.446
289.53
987.37
572.542
471.83
292.995
131.792
814.113
741.035
367.857
629.889
981.334
445.757
568.136
767.969
656.562
50.0112
863.076
103.5
597.378
117.47
30.0182
109.966
197.593
525.491
956.498
596.465
26.4991
298.295
755.259
181.865
530.741
44.7891
169.235
103.283
516.619
462.23
235.075
330.732
203.265
602.932
960.621
184.599
48.6883
528.757
952.568
705.25
578.768
815.645
808.75
176.146
933.115
838.769
286.111
130.708
364.26
242.609
727.172
390.759
540.904
482.431
572.624
71.6453
527.22
741.859
174.929
43.8395
204.089
410.004
374.571
407.354
12.9352
335.192
591.953
61.6235
863.949
544.521
766.874
442.717
360.166
575.624
618.863
293.281
414.393
904.974
423.989
778.653
147.584
151.161
169.412
688.488
633.592
742.036
760.133
160.812
483.895
935.062
204.652
687.984
345.065
579.223
95.3374
358.001
914.415
687.29
419.624
778.364
231.811
186.498
221.081
591.977
762.122
839.944
885.257
176.515
744.918
309.246
955.167
892.502
460.407
124.579
580.99
93.999
866.615
341.123
254.811
350.51
276.185
459.463
38.4937
621.25
38.6863
133.831
979.251
953.102
821.121
398.875
731.466
52.9325
585.373
952.547
644.909
347.495
792.491
530.167
524.01
537.409
839.412
479.177
429.911
299.819
603.756
10.9009
393.818
470.372
352.024
648.63
820.881
628.209
108.093
859.375
249.459
146.779
993.206
228.71
99.8805
814.328
627.586
831.346
867.26
212.959
783.893
512.169
560.454
576.384
42.3357
84.4637
113.794
881.748
563.641
543.705
181.567
167.397
554.606
575.386
637.769
906.63
224.015
458.65
534.839
332.108
318.025
784.298
478.887
311.232
13.0084
578.768
125.559
640.594
410.114
992.819
853.553
194.007
504.988
414.007
770.392
547.324
498.471
884.186
429.072
62.1116
427.891
610.64
229.509
982.496
186.025
867.278
889.126
410.041
325.928
423.965
742.149
643.954
208.263
221.036
955.185
221.271
799.803
80.7446
861.865
209.917
73.5639
715.418
403.924
578.552
129.425
174.316
125.876
627.896
58.5017
554.949
690.007
486.392
165.588
919.516
468.889
351.614
786.794
358.015
761.654
112.722
781.98
503.803
756.676
990.242
724.839
711.861
211.514
524.642
792.606
73.379
734.559
866.17
788.797
138.484
444.722
918.223
312.8
570.599
546.118
371.301
125.547
236.126
857.694
291.135
155.642
326.582
642.749
942.436
684.597
404.404
55.1588
466.577
908.207
811.835
456.819
633.046
523.696
668.333
157.688
316.302
741.712
892.247
182.472
530.509
30.7304
627.194
448.732
343.53
197.793
994.85
714.831
323.34
230.976
572.525
614.475
386.618
899.107
257.225
329.055
583.705
661.628
384.214
50.2814
569.835
196.049
507.101
202.88
719.745
175.434
360.568
36.0469
917.146
252.815
218.519
447.655
283.545
845.713
896.387
627.075
43.5061
891.237
341.907
366.846
122.213
914.432
981.322
508.832
813.539
238.546
837.887
397.244
900.174
222.101
447.525
470.009
418.149
954.626
672.89
137.894
130.06
33.4576
173.941
47.2055
286.273
392.46
494.86
569.818
238.173
391.247
196.893
281.679
282.485
538.8
648.525
404.698
453.232
629.847
913.53
266.771
868.393
751.417
664.015
768.567
973.517
111.541
238.576
391.666
66.1668
911.466
529.56
196.227
944.923
703.501
243.432
231.196
95.9605
738.293
801.014
334.133
129.54
997.907
615.812
412.024
536.707
264.338
816.722
989.939
894.184
730.252
256.71
762.577
481.669
920.726
531.144
455.186
32.2662
769.72
846.852
98.4331
681.186
376.412
294.66
626.11
79.9131
538.092
857.305
175.874
276.384
658.319
510.007
405.924
656.226
125.819
817.949
192.933
390.157
634.671
182.872
284.341
364.923
439.582
46.9182
846.592
360.307
578.062
301.778
392.574
347.783
148.631
491.007
28.9686
525.043
785.666
655.078
604.956
323.758
512.384
780.83
600.142
170.703
290.837
6.06624
826.929
416.656
824.015
19.8617
806.813
458.686
202.733
91.1543
823.609
642.315
138.073
670.202
2.62242
716.135
971.98
395.196
63.9173
120.611
886.203
92.886
645.654
671.869
747.964
250.61
995.627
260.348
31.4399
595.769
431.051
322.277
601.835
257.98
738.933
425.85
277.841
545.746
884.536
480.575
636.9
708.145
122.89
774.973
378.347
125.512
491.107
350.327
520.708
555.025
470.938
406.911
647.911
116.592
78.7794
395.875
367.202
74.4061
656.223
398.642
670.175
87.2733
720.919
272.01
345.253
459.852
697.86
623.094
5.59735
582.396
103.669
642.497
290.541
226.559
417.47
668.888
352.071
908.577
19.2149
872.779
463.602
490.153
279.69
111.513
606.745
358.469
507.388
973.948
432.875
163.61
372.59
103.05
250.883
93.5087
375.06
596.136
553.36
72.9197
219.23
558.958
655.315
322.899
201.455
945.856
549.458
618.925
614.744
901.528
527.503
633.959
774.307
991.105
124.112
53.997
102.618
730.857
412.466
610.005
704.804
845.341
773.615
77.3942
948.391
24.4989
170.903
323.451
620.635
724.263
396.371
839.866
283.221
51.6862
162.765
484.676
997.542
712.222
103.601
612.286
613.751
631.103
246.245
388.058
622.208
370.356
442.055
724.826
101.213
854.521
334.831
806.018
699.863
108.446
883.412
648.254
132.945
54.3148
971.705
753.58
778.578
368.076
593.446
61.7985
419.763
756.211
546.474
417.305
468.433
650.075
29.5909
82.1839
281.179
275.836
470.242
903.387
646.192
912.297
628.213
747.406
766.819
963.043
553.423
466.681
71.4898
436.835
114.936
204.435
491.15
86.6411
958.016
269.728
454.717
551.462
331.526
874.48
307.672
878.001
291.785
776.105
528.076
321.376
858.289
809.254
597.211
328.531
712.641
243.404
240.829
340.854
990.809
7.64726
303.897
544.232
474.329
375.387
981.068
589.264
579.822
472.218
675.905
537.837
741.945
130.623
89.2989
73.4718
5.10304
396.971
951.472
296.888
173.076
479.548
618.264
31.3654
288.803
215.475
359.897
1.44364
458.879
600.725
342.297
449.688
608.372
646.194
993.92
82.7011
21.5811
974.988
671.966
601.403
447.205
347.871
139.24
189.151
478.494
228.539
262.622
483.597
625.51
214.095
780.485
798.587
693.643
398.749
829.952
982.446
614.224
189.849
983.889
73.1026
790.574
326.186
522.79
398.946
972.381
516.71
481.647
993.962
491.698
153.613
595.365
938.903
501.484
734.605
128.054
979.978
963.144
390.676
463.575
588.655
604.771
244.06
387.241
298.414
642.809
217.194
280.86
257.032
407.042
264.749
330.135
197.616
590.935
852.925
596.562
563.316
369.636
78.2096
557.278
861.334
231.822
152.643
800.237
733.306
887.248
928.291
713.284
850.392
318.967
176.859
439.047
923.738
420.919
826.288
222.152
63.7274
43.4817
503.011
320.76
450.524
767.76
650.895
648.14
358.696
503.82
244.702
922.012
873.456
322.912
479.289
734.789
554.734
631.932
535.026
288.041
519.18
463.317
1.32471
369.572
782.284
178.184
808.619
706.022
599.103
634.907
928.173
662.83
678.388
431.184
983.59
128.912
198.945
634.484
777.052
557.64
138.304
21.7547
479.652
11.7599
344.667
958.941
746.549
899.401
590.873
281.576
187.441
110.053
744.893
188.766
479.625
527.177
366.95
288.243
233.198
966.052
923.15
161.371
628.882
601.539
592.556
612.472
730.451
791.5
246.956
507.504
349.14
385.26
529.258
828.792
397.02
873.925
787.733
143.57
773.326
378.607
425.145
960.767
488.66
170.038
149.533
968.285
697.215
516.483
256.528
930.413
482.536
179.678
91.7845
111.418
781.217
684.34
723.89
511.668
475.841
970.846
19.1717
824.981
356.106
548.43
653.773
753.127
422.355
441.507
896.696
195.681
820.113
321.842
156.448
308.773
491.88
305.981
277.058
189.095
822.465
533.586
119.508
305
713.264
211.293
416.418
494.481
895.633
140.308
6.14871
371.474
111.154
25.3204
196.455
467.26
573.75
850.228
220.387
996.105
291.734
117.083
191.786
111.848
438.925
348.234
420.621
930.805
654.216
697.678
119.9
476.681
231.264
239.408
781.681
944.527
450.701
198.099
439.008
346.334
338.407
445.157
717.807
449.561
470.477
914.262
916.821
44.2276
764.49
137.208
40.333
56.2243
254.292
232.119
168.072
693.217
580.354
588.692
624.022
234.57
286.37
743.923
711.25
517.634
983.331
492.931
462.161
434.032
691.03
901.169
780.366
29.4371
346.326
498.173
478.998
816.803
412.435
395.819
861.031
176.925
533.028
901.364
233.15
787.319
133.483
401.221
480.536
713.837
989.914
104.558
948.406
276.284
848.481
659.656
793.918
831.812
152.587
256.08
265.844
843.617
157.249
46.2095
873.055
503.575
544.383
352.053
320.378
956.818
747.872
181.409
133.744
280.899
82.7726
366.893
68.2185
216.256
768.115
548.755
930.092
758.028
653.313
878.499
34.3128
501.794
538.155
828.231
333.606
690.743
84.3108
599.449
534.36
241.56
645.659
407.415
745.135
190.042
759.467
65.5131
146.86
507.339
246.922
280.604
788.238
329.695
647.497
856.457
545.95
415.611
405.211
476.042
173.64
58.5244
354.541
207.953
560.318
892.696
36.1837
893.924
583.439
120.494
493.373
117.799
362.054
139.032
525.213
107.189
329.074
284.68
172.702
475.934
792.019
419.624
756.538
580.258
749.319
404.034
436.714
295.269
819.646
841.926
771.311
993.285
900.45
125.853
201.238
460.768
18.5489
237.422
354.692
601.988
357.916
848.066
719.786
719.97
987.098
245
827.16
316.172
529.68
999.862
792.106
321.7
419.486
548.644
901.957
168.805
952.678
338.672
464.074
772.324
180.597
235.385
765.609
81.0475
361.238
966.847
541.816
379.787
204.269
896.508
981.774
562.185
744.574
701.561
282.155
731.672
946.561
109.315
47.844
476.241
109.177
839.95
797.941
528.663
388.594
699.898
697.468
341.273
38.5698
161.542
113.597
219.167
396.927
879.206
300.215
758.165
846.053
842.03
137.952
50.3221
738.539
119.726
612.507
483.112
821.287
894.662
214.784
767.848
3.97668
262.628
244.089
113.153
102.578
42.03
641.816
491.173
741.928
339.284
832.445
780.498
500.826
946.042
999.665
897.753
825.248
299.88
655.918
671.301
141.91
793.869
721.623
880.449
913.596
334.13
363.561
734.883
228.792
578.345
502.731
232.769
840.974
746.82
345.922
943.552
788.85
987.738
434.725
530.778
327.022
267.17
311.276
827.848
213.212
310.941
725.6
38.4598
610.821
381.518
709.761
752.731
175.387
431.384
633.18
88.983
765.515
996.741
823.866
994.307
575.086
326.597
227.075
416.06
73.4166
572.998
359.612
862.267
560.736
794.336
393.045
887.758
61.5064
704.321
715.605
274.718
15.2617
441.206
313.178
626.083
822.723
22.9392
378.814
998.111
454.324
11.9934
87.0939
219.838
8.73438
910.96
214.145
583.821
237.556
441.22
999.881
310.973
14.2176
359.492
173.24
574.953
153.829
566.284
462.711
215.335
270.605
178.316
490.054
285.866
619.522
803.232
911.949
442.245
826.171
290.762
440.356
280.495
302.756
527.45
500.333
311.49
438.41
714.477
895.311
675.966
155.697
895.192
986.939
169.915
254.684
160.179
744.868
408.513
726.463
207.579
623.848
997.068
385.896
113.902
282.934
5.41751
917.134
194.883
447.663
743.305
485.645
888.019
23.7991
788.401
415.469
524.132
99.8913
853.879
238.609
995.202
529.845
394.307
890.394
516.784
564.222
145.078
676.963
309.09
553.591
403.426
516.669
177.439
400.493
902.565
291.341
683.427
907.983
208.474
878.31
355.645
951.779
363.955
243.664
975.578
152.356
659.133
499.71
252.247
513.012
738.319
247.45
42.8572
132.625
137.844
559.641
696.847
282.922
236.604
5.93716
836.512
640.03
522.607
13.9513
40.523
425.172
305.292
723.95
333.154
513.767
602.26
688.8
465.546
966.215
932.464
441.124
118.571
591.598
940.834
370.818
104.61
679.153
618.268
147.467
811.778
756.112
707.109
508.625
39.0334
943.713
514.562
875.546
583.743
37.169
889.497
624.266
462.341
194.789
348.216
795.495
708.556
950.476
484.295
174.102
916.69
416.76
615.225
35.2614
8.35759
556.059
406.08
112.968
235.212
24.3482
260.435
46.9899
780.46
967.544
555.615
819.493
911.256
70.1775
695.039
494.999
107.346
584.536
119.265
569.687
779.325
467.48
365.183
487.881
417.956
849.478
661.983
334.646
266.238
277.208
369.908
274.595
833.267
775.988
387.563
68.4793
800.336
647.998
115.469
580.796
615.542
671.084
400.289
526.798
741.262
95.3284
21.7969
848.608
679.865
141.061
418.296
459.19
608.542
783.478
947.071
26.4974
632.956
609.054
361.144
899.193
886.263
731.051
173.789
719.53
507.039
561.351
788.009
307.374
209.349
903.479
888.17
824.891
574.563
288.459
351.689
315.825
383.788
373.486
164.433
63.6522
514.547
582.728
522.842
123.089
366.207
469.914
149.586
999.162
78.9679
510.73
898.356
965.231
241.781
72.1444
684.761
748.819
633.496
472.77
56.1936
842.845
376.249
944.364
667.736
950.811
232.823
19.4245
266.636
616.611
392.91
431.069
680.263
907.457
13.7974
203.105
30.5457
380.004
673.019
180.132
379.166
751.987
690.861
277.522
717.217
932.642
349.667
401.978
681.461
983.162
874.748
737.655
826.007
250.996
682.018
493.743
201.808
914.841
513.168
468.444
531.452
906.078
899.513
211.715
813.535
913.31
414.82
844.08
293.314
87.8383
24.2122
672.481
839.825
715.073
950.003
557.042
647.715
299.669
959.02
329.177
282.832
833.767
66.8315
108.839
84.7636
748.85
602.582
286.571
663.691
115.75
755.015
195.143
21.8279
654.528
406.858
835.363
567.838
821.678
679.443
861.153
909.516
703.655
533.633
749.341
418.729
483.636
306.383
66.4442
783.305
265.402
395.621
66.1369
99.1697
462.452
174.976
183.933
211.302
777.559
470.505
874.994
893.309
225.52
70.137
915.137
880.048
476.995
750.499
447.886
298.673
429.942
309.039
208.189
133.598
842.672
957.529
552.327
326.308
263.912
618.771
109.613
529.314
14.3917
175.75
628.484
476.844
350.726
812.417
688.146
128.285
282.922
563.14
21.5934
508.442
633.277
936.73
388.49
110.272
687.229
836.376
408.945
117.172
145.415
617.133
250.77
988.087
574.663
803.096
314.395
838.575
421.867
424.008
367.889
436.259
599.758
996.374
913.103
950.484
808.791
601.249
78.7682
91.713
164.389
100.362
600.155
797.666
37.0917
988.645
907.938
724.321
825.021
316.883
841.493
970.436
934.017
92.2625
958.523
508.679
895.359
272.918
347.254
317.226
696.926
715.144
753.484
296.683
711.517
666.587
247.167
520.308
267.836
325.935
612.021
432.225
426.297
212.176
229.891
463.389
200.821
137.83
187.71
25.842
454.713
29.2027
996.278
388.73
121.465
954.802
897.409
16.8239
227.72
244.663
334.05
924.646
959.807
87.5339
221.329
671.324
754.121
468.496
191.632
21.957
794.431
803.653
454.182
220.728
15.8296
684.074
684.117
216.651
821.904
871.827
242.493
276.617
901.03
238.771
665.346
22.4948
193.572
562.755
39.3187
421.292
807.418
373.368
345.938
767.225
460.902
567.267
438.549
215.023
35.7628
630.182
236.98
830.194
433.835
691.162
50.9226
449.665
375.236
735.04
666.315
197.14
606.866
908.808
473.756
507.896
147.579
139.102
530.391
341.152
701.858
569.709
762.444
509.276
943.078
108.381
276.501
403.98
675.648
715.051
619.003
711.411
345.232
855.983
541.605
779.067
547.146
592.528
228.732
922.382
327.567
895.048
119.521
934.434
803.856
593.277
442.33
951.435
732.38
972.72
292.586
434.237
542.43
55.03
943.514
485.508
163.411
220.015
889.488
839.059
935.065
508.491
550.47
280.298
364.474
92.0755
59.3653
911.62
684.603
288.098
834.002
12.1705
183.145
953.523
946.604
987.001
546.801
388.934
938.436
279.18
361.654
231.022
713.418
904.084
286.052
656.931
389.591
449.464
876.946
279.079
288.523
812.012
787.57
838.994
92.3096
152.044
931.069
151.675
63.6641
615.672
439.772
897.666
627.843
622.918
851.189
574.447
609.919
397.989
963.381
548.355
677.17
325.035
779.377
390.588
229.119
65.4298
47.5193
618.71
514.894
924.466
897.79
803.417
736.477
685.359
642.411
828.787
837.403
573.48
980.462
901.068
189.152
420.234
798.733
816.995
43.1521
649.922
391.442
653.071
47.9118
354.823
201.426
725.082
679.858
980.803
115.67
908.977
46.2331
163.189
527.687
561.127
87.6543
425.477
364.544
824.132
110.836
6.95433
652.918
948.24
580.434
633.38
849.307
769.586
53.6145
648.041
586.581
96.7666
297.963
978.023
749.838
345.875
332.846
951.264
70.9564
12.7041
932.067
186.626
921.681
978.3
349.815
449.368
539.427
437.469
874.845
903.971
261.6
985.681
910.925
914.519
933.921
491.359
547.899
783.228
260.945
601.514
431.268
847.527
698.28
729.231
825.55
448.118
75.1059
158.397
399.382
146.062
171.101
331.449
332.688
92.7816
309.749
682.503
542.15
849.176
119.972
416.995
753.146
381.572
402.676
664.071
296.091
336.596
155.43
843.99
119.824
416.376
445.504
551.092
263.902
143.784
280.324
89.4527
591.902
355.43
247.849
991.284
501.492
418.95
322.732
834.18
511.732
632.481
516.683
53.8814
481.657
636.655
470.876
234.803
18.2268
873.552
898.874
314.318
210.148
54.3039
158.308
329.972
470.679
603.812
881.065
734.582
747.596
161.388
824.035
339.498
516.818
71.8838
330.782
18.3098
490.834
653.514
852.49
2.56539
285.995
369.173
56.4468
767.652
5.82735
527.323
2.45459
24.0541
400.875
901.328
338.372
611.023
955.632
496.68
940.995
426.312
100.492
822.06
160.893
848.089
983.449
984.928
187.587
500.267
56.8118
518.369
518.576
547.646
171.884
371.066
550.211
457.879
740.239
606.658
225.531
746.066
133.981
227.986
770.121
534.856
129.314
108.493
145.879
84.9463
605.173
86.8742
511.258
705.665
908.934
672.151
553.754
892.383
657.079
741.341
392.65
713.891
259.711
911.226
261.537
431.595
282.292
811.748
889.474
22.5314
418.405
115.005
768.598
552.386
342.991
538.718
87.2418
472.305
647.211
233.121
557.252
252.384
319.995
68.5095
958.049
228.929
740.661
511.803
121.312
397.74
253.145
513.962
111.632
512.856
425.188
373.168
944.45
707.48
184.916
833.924
730.011
603.321
948.93
498.609
155.708
291.921
37.3274
242.949
764.226
684.538
476.07
321.478
936.922
796.065
389.987
894.971
24.9937
130.648
406.775
146.306
528.389
659.92
660.267
640.02
172.775
85.4548
13.1884
117.225
792.935
198.104
951.15
522.946
801.426
900.08
21.5548
957.133
192
58.8821
200.082
956.226
743.42
676.152
277.704
680.343
472.217
667.691
575.314
497.211
798.34
982.089
643.516
326.728
642.009
303.783
966.748
814.784
389.238
979.937
932.009
182.173
178.041
883.159
705.119
979.466
783.238
726.673
936.6
975.239
785.556
136.682
931.465
528.976
812.834
209.17
209.319
285.051
876.861
784.633
782.262
675.201
766.722
425.778
1.92866
408.731
729.561
968.677
223.514
118.8
948.613
155.523
300.972
126.654
38.6821
6.09108
106.121
821.921
732.764
42.7204
797.159
518.32
179.402
728.625
47.2961
992.237
937.794
256.615
277.288
814.655
41.2478
59.5495
489.856
807.97
485.327
491.785
216.7
214.889
460.461
440.214
333.688
409.075
595.738
634.661
535.729
634.42
640.752
641.85
456.34
373.516
684.571
253.5
891.836
863.973
982.125
939.132
856.21
919.919
195.747
133.497
734.574
236.995
193.047
224.43
44.9648
678.374
716.215
261.665
893.263
176.676
701.88
226.951
585.751
297.617
861.612
121.48
932.037
502.364
763.331
388.377
875.88
447.901
641.877
767.717
311.874
624.002
706.849
168.084
543.921
902.597
301.581
278.495
139.592
494.628
502.925
184.556
173.002
219.14
446.222
66.2653
395.816
148.101
293.217
981.568
445.718
154.829
103.048
377.755
657.193
866.379
766.132
533.074
314.28
408.009
300.79
626.154
32.011
7.63974
794.237
575.932
910.236
95.8183
854.427
49.828
590.446
357.352
234.385
763.448
576.492
680.606
829.714
972.309
828.707
122.931
953.876
274.425
277.759
56.9241
652.18
934.953
923.303
418.313
468.026
237.582
826.322
768.816
863.736
858.333
776.456
657.973
434.265
686.693
753.792
288.692
736.521
344.238
646.044
970.905
107.686
222.536
651.511
937.4
194.844
480.218
60.3307
148.721
754.644
338.09
205.645
406.824
273.043
128.947
825.137
741.069
366.53
651.459
509.885
230.266
509.792
286.341
888.239
944.057
973.034
642.031
232.749
709.554
986.269
878.792
680.459
93.955
101.328
331.971
31.3552
296.173
812.189
91.6859
444.893
566.833
429.776
650.538
973.657
702.819
779.485
798.794
443.888
146.015
450.253
953.773
376.28
960.046
240.114
264.519
904.103
213.148
906.55
136.852
922.702
892.819
15.644
603.162
986.774
116.972
935.132
18.1288
413.145
747.321
109.815
858.038
314.154
539.591
508.576
287.811
242.41
288.061
86.6052
686.297
434.075
536.858
640.07
810.356
496.904
880.184
74.8752
401.007
93.332
981.425
537.858
16.0343
874.244
553.502
619.196
861.017
670.475
554.329
879.146
83.6194
301.65
988.961
941.657
615.804
528.552
450.233
903.616
770.962
738.294
990.221
457.259
172.369
527.079
97.329
982.725
23.9831
977.513
57.6004
424.99
70.8452
39.0256
962.848
86.8795
913.269
516.351
706.076
774.287
186.825
260.404
653.433
270.444
562.054
642.394
212.102
177.859
170.946
662.335
81.4743
941.907
400.629
71.695
399.166
572.998
598.774
496.495
555.724
622.757
474.009
613.324
47.7471
544.854
652.35
10.5952
631.733
565.619
526.946
337.809
339.906
713.771
598.213
993.339
984.215
160.268
635.733
196.317
338.126
806.679
858.652
419.601
748.586
259.281
491.296
147.752
832.28
90.0699
644.248
388.003
