122.61
423.611
74.2166
366.279
873.675
423.59
474.104
842.061
886.443
679.616
728.201
526.891
661.981
43.9818
109.719
200.936
419.882
853.423
817.018
180.094
216.846
354.945
130.901
835.516
508.28
463.97
497.768
816.656
953.289
128.027
168.784
75.8991
551.638
243.001
442.179
425.313
666.591
916.283
267.374
553.034
595.898
995.575
79.9246
257.879
39.5564
189.644
458.815
459.438
43.0672
275.833
639.532
259.913
630.778
770.433
95.4294
139.058
234.404
593.197
955.714
187.693
721.224
124.498
263.592
272.863
367.499
705.77
698.176
34.0901
622.053
965.55
587.124
217.951
961.124
667.048
475.83
0.680521
856.692
934.645
460.119
899.76
210.478
99.6513
159.673
841.256
870.085
255.102
980.314
104.488
848.299
936.028
292.181
569.523
60.5267
555.773
842.386
428.026
261.543
540.561
462.116
883.596
506.111
49.2396
101.547
467.235
716.288
577.378
467.916
572.98
512.023
928.034
472.74
722.501
27.6857
632.412
563.758
897.77
887.514
544.072
2.25872
735.813
480.101
294.44
305.336
540.627
850.212
147.722
968.653
111.755
688.283
430.769
995.351
194.394
480.009
96.8984
661.63
196.296
674.276
129.545
769.277
186.299
57.5797
242.017
908.8
85.2654
874.429
472.558
983.036
761.943
16.6301
985.295
497.756
496.731
279.734
803.093
37.3579
129.947
950.815
6.01092
241.702
639.099
436.78
237.053
833.493
916.788
333.952
495.123
113.085
8.22741
624.668
882.362
194.526
682.248
124.378
103.327
767.513
998.807
575.884
750.549
760.75
592.514
735.843
258.507
89.2451
15.5777
61.5998
126.603
145.524
12.4148
132.614
387.226
651.513
569.394
624.279
485.006
486.182
958.231
980.129
599.267
966.458
604.797
481.629
160.985
287.044
606.007
264.311
54.5573
604.815
840.196
805.106
365.565
432.71
540.95
624.072
521.955
556.527
685.672
648.558
702.052
698.086
781.172
89.2779
349.6
350.566
713.557
834.606
836.748
671.788
814.735
436.015
638.246
419.532
917.644
799.231
706.576
523.652
63.5422
761.133
128.466
903.738
566.239
494.031
336.448
107.189
118.103
858.403
663.716
803.775
506.961
365.768
501.861
288.133
455.046
851.461
638.699
168.603
686.067
475.448
840.391
500.802
911.463
478.637
920.333
829.108
277.869
626.909
352.759
341.411
388.042
481.226
245.149
954.281
975.257
581.596
61.4702
93.3601
439.999
725.186
897.135
946.961
90.9541
398.996
235.094
546
250.457
873.793
714.603
936.523
349.241
554.994
437.325
260.704
33.6311
357.658
89.8115
311.5
984.567
442.571
652.91
372.609
923.796
898.059
326.89
899.053
479.655
388.36
992.414
919.655
113.547
889.548
866.616
204.501
288.544
101.71
750.5
539.001
975.503
465.103
475.524
324.744
20.0965
912.849
585.448
53.7276
270.506
675.26
365.227
255.073
117.83
18.1376
627.682
41.6268
916.197
954.572
940.68
395.852
342.932
933.094
315.507
456.479
822.642
182.122
660.98
111.186
283.832
411.48
650.187
259.335
876.583
125.711
584.079
896.679
38.5597
169.527
950.407
309.066
844.786
315.634
564.139
962.617
333.772
191.821
4.24356
249.968
146.394
944.924
645.82
489.326
878.018
961.327
945.805
700.66
143.449
606.784
811.846
427.281
18.2643
462.033
686.616
894.847
587.744
270.695
791.526
626.304
440.222
741.933
935.37
285.008
57.5673
499.51
247.625
391.339
691.331
251.868
641.307
837.725
196.792
287.127
327.051
74.81
248.454
272.855
775.47
391.904
879.64
587.316
819.185
897.904
49.3492
505.801
792.751
637.094
776.496
584.277
263.398
216.717
326.21
198.768
501.726
383.778
698.277
749.351
775.117
389.609
1.21898
416.424
227.333
198.011
703.552
554.384
272.821
952.006
827.239
48.2911
343.91
706.879
635.607
163.094
604.783
684.956
668.895
397.534
322.05
445.391
981.811
585.447
662.108
308.021
784.215
163.834
691.799
482.493
913.184
466.916
872.101
914.403
883.34
99.4342
112.414
586.891
653.818
385.236
538.897
481.057
433.527
882.807
187.936
69.1338
45.9011
792.718
754.09
714.796
190.252
76.14
160.187
172.062
661.587
822.295
480.084
445.802
986.128
171.883
928.295
899.312
638.799
800.396
813.715
522.138
899.83
926.13
109.03
553.648
311.365
647.927
34.7051
744.892
530.734
222.641
814.026
576.635
15.3587
568.116
291.431
205.61
644.256
451.618
377.673
305.844
273.912
857.757
751.646
260.041
29.6393
679.941
159.353
668.438
480.337
973.069
190.576
380.168
899.198
299.606
933.816
210.564
947.532
968.521
955.456
478.266
191.162
769.482
54.9008
206.52
337.598
346.332
412.131
981.855
797.949
789.804
287.698
71.8618
647.56
39.344
331.902
677.199
719.285
491.256
345.637
199.622
464.324
536.213
579.79
363.522
835.819
513.606
574.086
783.351
482.127
529.542
261.618
673.288
299.024
316.518
879.808
636.623
662.85
291.939
618.477
460.8
81.7427
906.175
532.661
729.303
945.519
864.564
406.502
664.804
355.819
752.139
864.427
820.143
288.353
444.216
183.666
124.172
957.822
757.752
907.523
439.949
287.294
169.141
113.237
586.319
485.659
993.045
222.942
148.509
284.984
841.419
609.309
366.727
747.594
141.97
96.0298
693.113
6.53375
502.532
357.918
362.353
254.671
222.344
182.496
543.024
666.561
366.162
667.196
624.383
123.915
574.719
64.3311
411.209
743.86
177.568
997.528
229.519
170.613
220.469
378.028
455.597
61.8883
987.337
822.324
809.482
129.307
918.354
502.596
135.841
420.886
860.514
498.194
675.557
82.8579
680.69
218.581
749.419
46.8524
885.777
373.801
170.767
460.496
438.132
581.976
204.356
615.7
579.504
433.875
786.313
799.973
811.903
241.91
861.862
799.239
64.2346
671.344
928.546
982.589
173.94
64.3866
403.475
34.4533
562.58
79.0322
117.311
243.27
297.614
866.73
290.123
183.391
240.531
460.889
643.887
678.663
42.8653
848.243
294.363
622.369
282.117
80.6761
422.342
94.02
322.586
284.204
893.259
386.821
955.548
821.805
369.41
129.487
886.192
772.884
163.941
448.772
851.917
281.252
692.042
149.53
147.981
982.165
332.921
388.512
443.054
976.808
67.1753
485.919
825.051
361.538
108.288
107.169
442.214
530.631
201.189
764.801
814.834
94.4481
151.622
770.382
916.253
521.031
899.869
802.445
293.916
63.81
251.218
145.832
345.062
943.26
295.362
493.043
925.424
628.284
881.555
368.479
605.092
948.731
854.398
430.143
310.269
962.686
537.312
752.483
493.317
738.501
517.284
308.151
832.949
668.906
78.5333
749.202
189.937
978.403
551.648
483.852
42.2126
802.865
629.684
387.274
746.125
925.047
880.318
671.549
553.33
761.873
40.028
158.422
710.604
894.426
588.565
20.873
857.112
125.877
773.356
350.429
864.378
290.641
658.581
697.326
959.546
737.114
446.528
149.483
715.517
998.176
633.336
757.729
801.041
263.02
145.004
547.166
188.067
25.3214
218.715
741.397
787.195
258.743
899.82
497.799
153.169
488.385
518.672
10.2819
614.262
292.028
360.711
478.64
582.669
19.292
175.966
542.215
756.406
622.495
691.699
471.923
620.671
325.034
229.652
421.712
588.054
374.656
968.878
776.122
399.977
187.593
517.519
187.172
446.337
417.338
684.97
599.506
905.723
203.642
609.788
519.985
495.67
970.5
998.625
78.3388
989.792
174.591
620.554
746.198
797.086
312.253
218.12
417.756
637.287
447.772
839.468
225.341
822.428
808.346
1.4628
222.405
995.939
518.982
409.577
442.276
936.32
94.547
41.7827
842.044
298.189
651.571
362.029
793.859
622.071
360.654
872.198
611.862
535.245
492.752
358.06
332.331
805.004
576.18
750.087
442.291
23.9527
589.555
667.633
846.381
397.901
669.095
68.7856
393.841
188.077
478.362
836.117
124.397
572.909
877.9
966.441
871.098
529.471
328.47
664.957
151.541
689.124
537.155
763.403
224.369
29.9072
121.463
556.7
834.912
697.644
306.787
277.203
721.596
896.342
944.836
567.977
294.243
613.931
636.763
688.084
802.008
115.125
524.201
926.405
688.034
402.1
892.846
559.133
931.571
221.316
224.09
83.1119
910.439
761.245
846.515
134.808
791.153
967.979
691.508
626.064
665.623
998.295
903.267
387.219
894.637
848.103
955.196
188.88
462.034
591.959
876.964
264.042
707.084
401.164
190.447
395.118
803.265
83.2927
954.251
734.835
304.608
178.341
817.947
215.048
939.587
664.463
349.856
730.739
632.441
41.3639
356.804
298.064
39.6587
260.071
685.283
934.296
108.174
640.479
123.176
570.207
232.438
0.139395
834.249
939.522
401.304
24.6956
334.64
204.569
107.988
288.891
939.404
412.597
467.233
757.351
627.644
406.819
421.814
977.5
137.559
54.2555
18.8643
494.362
352.319
58.523
754.433
37.6026
992.819
862.606
678.082
115.994
432.814
910.52
116.134
267.063
850.042
517.437
291.758
184.683
722.006
399.746
473.574
661.41
812.343
940.806
418.761
439.988
347.626
840.575
417.488
485.184
894.831
436.352
979.546
247.15
494.875
733.979
284.753
487.694
596.586
962.835
603.688
29.3995
873.355
719.822
296.462
723.397
237.259
588.22
908.08
959.265
987.967
381.654
620.675
800.31
322.46
39.4364
240.297
670.086
880.012
657.785
155.27
774.843
94.1374
134.816
21.9929
589.013
868.796
306.746
76.7065
465.381
269.581
680.395
494.781
142.936
400.216
791.243
866.333
637.475
379.463
774.413
596.74
367.43
156.066
217.415
167.739
478.526
256.852
408.037
148.612
136.864
65.8219
303.882
911.706
159.959
438.699
933.699
748.972
307.494
240.445
825.679
772.876
510.026
506.073
267.657
652.961
906.289
58.8996
519.294
543.764
438.363
293.707
140.505
805.792
449.773
357.92
973.532
928.3
614.772
381.568
76.9119
751.635
447.39
380.794
663.341
607.35
819.493
597.041
356.322
126.987
837.486
182
899.863
347.511
688.073
167.52
0.472799
594.362
226.419
519.767
138.127
664.782
813.474
278.631
470.574
263.248
636.551
444.106
191.547
251.323
825.674
268.459
2.95836
273.065
649.253
666.3
880.414
468.746
263.34
236.736
595.733
100.826
418.736
495.596
448.337
106.81
663.116
448.81
701.172
889.535
968.577
839.299
554.317
782.052
117.93
24.8918
45.2992
754.481
468.998
236.846
5.80455
294.672
505.306
8.76291
567.737
154.559
675.063
448.151
623.305
938.403
684.887
219.038
39.2293
103.624
714.634
487.567
210.433
377.75
936.377
911.605
267.286
904.954
750.904
821.603
687.006
868.834
846.495
732.305
623.316
315.493
969.152
629.12
610.165
474.457
637.883
177.902
629.016
312.946
626.054
252.321
251.349
310.941
471.359
290.578
414.565
185.994
778.145
624.998
563.744
714.522
536.603
831.03
619.476
287.507
652.633
306.482
156.342
499.128
38.7875
779.657
814.621
7.93922
408.778
424.787
482.396
46.6609
602.689
111.413
359.607
228.743
363.734
610.956
539.684
835.093
901.535
954.248
21.0863
679.68
579.246
584.83
394.202
115.85
415.86
13.6782
403.357
68.4932
320.161
559.699
567.622
358.948
339.356
382.243
366.887
748.134
807.03
849.284
794.795
409.719
960.696
154.402
638.461
324.43
765.358
178.145
159.523
666.892
132.393
180.609
346.572
711.64
765.439
740.774
827.49
181.299
754.452
230.847
249.792
74.6127
790.546
817.414
433.561
129.902
199.657
800.448
878.036
6.68626
649.732
672.831
416.405
610.428
827.233
54.8659
934.858
592.591
233.011
94.3808
259.484
365.404
274.99
606.056
77.0434
40.4288
346.83
904.533
221.728
101.282
135.38
471.52
175.895
925.926
288.934
609.455
55.8279
488.591
409.903
933.864
495.277
59.6351
606.696
911.682
670.063
433.929
966.548
604.921
26.5203
199.558
699.302
286.004
564.962
974.292
892.06
642.005
14.7207
238.89
546.538
236.449
340.171
681.918
707.969
516.066
607.844
996.903
125.521
663.672
485.494
535.424
597.536
980.771
595.06
204.232
892.453
265.123
638.161
859.001
870.044
664.681
58.5591
569.347
950.685
623.521
543.638
842.745
265.527
558.359
81.6342
812.065
794.808
421.806
493.983
502.777
937.872
101.827
499.68
63.3928
765.499
985.174
598.817
363.034
965.945
193.877
567.266
858.398
459
205.427
717.399
329.044
870.108
775.958
898.391
820.793
399.48
442.029
663.537
665.006
0.388209
745.172
477.071
795.196
166.977
971.055
297.973
104.849
72.8815
797.653
168.242
838.38
782.827
767.059
201.415
748.773
960.936
768.681
607.171
419.936
974.107
324.57
748.98
844.215
100.528
647.37
665.008
500.008
89.3992
328.545
165.014
89.7875
73.7172
642.086
884.984
240.695
613.14
182.957
345.543
686.022
980.61
513.785
524.402
763.437
280.844
725.816
512.21
241.78
494.497
119.381
661.715
468.605
443.951
410.695
312.82
544.479
58.0651
977.828
44.4873
147.464
306.373
209.502
237.252
380.09
851.587
122.235
620.785
464.728
305.192
966.328
150.749
285.802
480.114
675.151
49.2387
760.958
400.968
561.448
2.73745
895.465
680.829
664.453
364.069
124.78
75.1477
676.889
669.259
133.213
654.717
713.746
280.677
961.09
923.248
517.929
341.181
774.835
640.165
961.966
239.563
945.357
928.294
390.312
231.158
408.408
65.4634
280.397
169.366
466.431
841.845
172.103
361.896
522.674
836.556
725.966
647.454
911.704
402.855
316.713
44.9164
57.5719
30.4588
325.594
18.6623
953.707
843.523
359.843
728.542
483.687
321.809
968.104
429.044
250.103
358.417
660.202
658.511
423.88
940.599
827.877
890.311
782.444
999.98
252.207
305.118
836.536
978.173
952.572
748.239
381.027
269.285
793.156
438.599
299.743
118.75
457.262
253.45
962.272
817.105
981.992
445.96
138.914
950.096
875.004
389.017
308.513
535.206
47.5288
732.393
475.805
875.406
622.704
258.249
875.386
874.911
563.368
711.922
853.084
515.94
460.161
234.111
785.224
253.317
672.71
84.9679
372.067
129.972
338.418
334.339
947.077
320.41
780.299
85.9909
270.506
655.303
475.008
579.018
190.509
522.537
311.411
666.314
397.943
934.115
924.563
273.329
809.025
487.931
985.25
662.109
3.87052
445.411
896.22
789.095
698.728
568.93
874.063
70.7949
698.902
212.481
405.134
645.979
532.89
185.433
731.97
803.396
840.735
206.979
382.414
31.2438
729.516
693.825
697.557
127.459
627.94
622.12
400.787
436.965
110.051
386.038
99.0738
113.922
831.449
995.294
903.017
530.177
564.224
777.079
600.972
263.127
989.56
6.10601
909.106
522.451
191.539
641.077
325.846
32.2739
848.055
708.261
63.5177
577.571
402.086
761.075
705.03
30.0252
383.196
105.817
466.99
493.247
491.854
566.064
607.168
323.303
561.358
510.185
853.481
125.582
287.264
454.453
388.709
276.825
460.559
297.815
799.275
652.098
938.891
125.122
684.371
786.947
833.382
747.889
364.518
235.468
508.964
69.5474
265.493
892.16
175.364
732.483
385.406
667.219
298.547
992.575
990.522
859.905
502.76
844.003
985.487
790.024
298.456
374.195
66.8484
759.015
672.01
866.123
411.112
610.902
991.245
95.4836
397.848
824.627
843.373
762.366
60.0951
352.337
831.913
325.588
244.497
7.27776
58.0712
629.903
674.497
356.618
622.478
665.019
216.523
125.238
509.022
202.01
915.261
807.477
576.205
982.11
566.492
248.216
848.233
977.604
859.117
839.478
73.0878
256.965
664.106
916.461
19.3315
724.201
268.798
851.245
49.7888
513.295
858.523
107.86
143.198
533.019
464.478
765.676
198.038
681.001
890.914
707.06
883.011
806.175
514.537
459.217
788.285
81.0294
707.432
636.518
58.6337
566.549
475.997
131.721
823.515
140.102
48.1821
842.846
864.303
316.98
694.091
914.092
830.274
552.614
21.9518
973.472
85.6331
486.43
739.148
283.671
167.431
630.062
990.731
50.4428
436.237
505.268
509.659
224.522
586.298
217.091
861.04
644.931
783.641
337.037
776.653
607.155
477.139
824.835
450.002
341.442
141.815
144.093
255.533
972.089
696.707
277.485
945.561
782.34
763.915
684.71
66.0109
931.347
314.771
56.7419
981.79
751.008
562.01
491.449
975.53
148.308
708.54
836.57
793.239
492.181
173.607
569.892
99.3362
650.745
394.727
549.338
992.187
536.541
693.431
247.72
508.63
390.137
525.206
454.192
172.477
289.121
138.901
238.488
220.468
453.673
295.23
202.257
204.681
857.24
693.706
180.211
5.54753
402.246
16.7812
798.787
894.427
190.388
368.679
993.763
841.133
763.405
543.101
833.32
299.947
236.532
81.0409
808.577
626.669
606.247
262.769
799.146
895.367
401.67
37.6335
115.835
855.343
332.863
318.092
60.0236
190.103
11.7983
240.235
195.65
414.045
257.016
994.437
308.472
447.404
363.116
302.235
288.537
126.521
845.336
121.857
426.468
81.8677
202.898
235.045
708.537
809.145
497.814
507.682
704.512
899.484
545.316
820.347
754.826
878.179
138.44
814.85
68.2819
150.238
55.0846
263.932
564.283
312.1
258.369
872.754
759.504
621.485
174.989
48.0411
748.006
20.3252
169.899
174.474
102.193
372.797
409.519
810.729
181.942
907.332
318.412
886.454
806.816
863.728
706.801
561.642
741.907
845.241
376.492
810.189
995.479
431.577
74.1209
559.762
743.677
332.49
432.516
503.181
953.975
607.506
551.223
701.981
627.831
721.121
876.455
730.024
93.918
285.974
540.753
275.86
193.306
859.165
162.314
0.121956
722.893
869.115
561.764
464.799
714.356
938.257
274.988
709.836
369.834
349.109
269.598
113.511
681.599
702.114
616.692
635.574
309.62
167.915
337.556
937.451
889.036
214.011
667.475
982.954
499.984
208.228
258.814
693.29
67.3931
421.127
693.412
790.286
290.243
255.177
255.085
4.5989
193.433
530.073
714.435
563.267
879.181
984.033
676.778
560.78
686.147
293.47
196.354
995.767
461.385
533.91
933.218
350.422
747.921
600.693
333.376
247.905
808.921
592.19
941.196
876.314
13.317
634.608
666.6
303.559
889.784
921.685
308.158
83.2177
451.757
22.5931
646.485
330.938
6.62578
323.263
891.718
692.773
616.733
88.0729
688.54
78.1183
621.983
621.758
428.54
369.904
222.451
761.916
617.809
31.3721
354.105
559.005
907.686
367.422
193.613
574.286
670.982
83.3971
495.971
979.14
166.615
947.728
1.73328
813.099
278.666
8.35906
136.362
170.384
701.132
753.095
258.457
389.672
831.213
880.44
11.4301
259.753
250.344
233.881
21.669
868.154
265.253
375.774
427.158
172.94
743.197
620.771
747.226
414.178
704.168
243.196
393.319
870.783
190.924
395.052
683.882
469.59
403.411
820.244
639.974
104.543
573.339
898.431
494.215
404.553
778.872
505.645
664.306
29.2158
739.526
685.975
897.369
4.77968
61.7491
324.528
177.719
804.946
945.299
924.945
219.124
649.467
168.141
612.443
520.25
359.065
7.49464
204.132
828.654
410.906
24.3766
468.628
515.448
597.716
367.06
9.66326
2.26837
145.931
515.308
666.574
175.147
254.834
352.549
72.5164
259.614
414.298
397.044
437.333
219.244
342.343
362.278
438.368
991.81
530.419
50.8106
512.06
889.484
58.3053
716.192
718.138
469.211
740.569
186.767
984.659
338.285
553.826
994.323
340.553
699.758
509.631
7.12704
874.905
764.465
359.676
947.421
24.0794
773.974
344.465
461.413
993.218
686.808
823.691
431.586
678.618
354.111
482.396
190.678
243.595
540.701
906.87
961.733
9.91233
647.439
148.5
994.572
985.724
702.326
988.894
326.277
402.084
498.525
333.404
276.989
262.99
693.08
224.41
287.07
467.054
568.875
748.482
460.271
255.683
572.174
891.857
934.302
926.284
374.253
124.98
169.879
914.954
31.8506
131.612
924.867
679.29
280.111
919.438
665.013
982.438
908.333
991.29
384.521
406.858
324.694
661.51
669.848
17.7734
885.92
956.917
484.827
454.795
705.4
945.098
710.478
277.573
836.955
644.78
203.857
211.208
769.76
373.736
126.163
801.61
505.348
51.0293
480.9
785.459
970.468
145.914
767.897
878.8
137.204
152.419
285.658
461.898
813.929
955.506
479.671
699.848
912.423
964.498
154.643
617.823
909.596
865.121
895.396
746.551
509.9
99.2534
957.759
279.66
472.99
83.9219
81.2705
978.337
134.951
562.171
763.797
105.419
708.084
531.694
984.219
845.288
684.112
269.877
307.186
498.041
225.383
786.857
197.889
137.806
751.355
352.532
755.629
660.951
217.652
651.025
407.502
727.553
750.278
365.262
7.21262
223.267
449.184
88.4832
201.605
584.135
650.654
965.402
689.554
358.738
497.096
673.773
204.027
181.208
943.651
511.212
679.249
169.034
298.069
877.138
306.84
49.4241
229.669
62.4681
710.375
447.322
713.493
117.878
174.874
463.771
483.14
182.087
687.038
932.323
270.57
888.643
516.458
921.224
854.045
206.012
279.962
351.14
879.785
483.989
532.348
823.436
995.201
211.597
992.469
293.27
88.7351
299.309
342.694
318.405
361.777
53.0696
765.726
75.2698
170.947
940.6
539.04
654.087
122.687
226.078
586.41
393.257
114.722
102.868
314.481
968.766
308.88
594.443
319.907
188.665
78.4316
852.255
12.1013
73.6326
63.8526
4.57071
366.903
152.588
303.88
709.597
470.992
665.657
762.667
236.718
740.927
933.614
177.319
279.967
587.701
300.006
506.046
174.111
693.263
620.767
276.979
7.74375
589.533
585.859
602.187
909.44
774.525
680.618
761.696
786.626
754.251
825.548
791.197
121.154
978.136
95.0762
830.751
449.128
760.733
593.418
685.846
501.66
527.032
863.165
781.627
114.732
163.171
287.672
288.843
856.434
908.439
565.822
864.177
497.973
151.681
466.364
407.413
926.206
146.982
169.109
712.832
901.233
994.657
504.028
22.3872
972.792
599.105
853.138
421.92
359.838
446.556
107.766
861.497
973.587
970.931
643.124
88.3196
134.102
930.796
377.163
990.535
839.236
942.985
854.713
337.208
94.6665
321.077
744.621
20.8725
468.059
913.73
733.704
369.293
908.386
237.733
391.68
881.179
836.837
244.818
303.099
196.675
691.374
410.865
58.1726
664.961
381.797
701.297
753.281
515.899
632.093
130.444
506.434
471.329
73.4286
361.147
808.537
168.095
682.224
553.158
188.968
150.283
466.887
922.672
519.575
375.274
160.405
911.255
256.452
997.242
156.073
559.551
193.918
847.447
970.417
252.09
512.408
352.213
953.387
265.689
868.112
585.48
396.132
374.546
56.8084
469.561
735.693
865.345
637.656
417.917
418.503
826.624
568.199
885.39
749.296
87.775
260.664
909.701
999.03
517.117
906.943
155.104
76.6679
100.861
2.5509
47.0845
352.951
514.959
399.298
306.338
780.648
267.41
891.818
176.78
641.956
948.627
646.341
377.649
813.972
283.998
795.565
232.475
110.621
363.765
117.865
859.917
451.54
378.529
769.618
450.57
895.646
676.562
605.674
972.314
777.423
608.225
19.3983
130.374
123.184
418.696
436.712
903.832
686.106
328.53
80.612
328.061
277.157
726.953
705.71
91.1284
10.9509
501.275
323.603
121.572
865.04
441.468
981.49
316.58
819.998
751.108
767.149
715.643
427.67
372.823
687.957
205.092
981.048
707.356
335.466
104.231
126.052
772.178
8.06308
812.157
100.708
88.6751
140.219
377.865
815.628
845.929
468.994
826.579
347.204
792.597
948.152
212.244
234.065
929.641
528.823
54.0623
680.749
295.973
769.706
108.419
668.796
457.663
313.511
649.844
165.019
648.978
754.075
291.07
421.156
762.138
103.228
521.864
850.813
243.447
899.73
666.442
89.3754
368.723
493.021
436.579
161.32
441.173
648.823
395.385
370.814
177.647
449.447
51.5635
473.62
219.153
159.982
142.416
676.816
473.494
792.26
841.835
122.471
546.335
132.905
543.627
308.473
236.133
65.4917
159.286
479.58
965.221
825.728
568.955
333.945
318.749
5.53458
495.264
759.922
654.358
890.649
130.736
832.005
340.096
182.3
305.624
559.249
342.282
448.04
236.065
815.776
240.3
77.9
938.248
786.634
210.805
481.875
95.1075
446.938
547.367
254.394
926.518
512.588
80.1223
495.473
846.532
398.872
501.008
341.797
158.794
155.366
232.446
289.53
987.37
572.542
471.83
292.995
131.792
814.113
741.035
367.857
629.889
981.334
445.757
568.136
767.969
656.562
50.0112
863.076
103.5
597.378
117.47
30.0182
109.966
197.593
525.491
956.498
596.465
26.4991
298.295
755.259
181.865
530.741
44.7891
169.235
103.283
516.619
462.23
235.075
330.732
203.265
602.932
960.621
184.599
48.6883
528.757
952.568
705.25
578.768
815.645
808.75
176.146
933.115
838.769
286.111
130.708
364.26
242.609
727.172
390.759
540.904
482.431
572.624
71.6453
527.22
741.859
174.929
43.8395
204.089
410.004
374.571
407.354
12.9352
335.192
591.953
61.6235
863.949
544.521
766.874
442.717
360.166
575.624
618.863
293.281
414.393
904.974
423.989
778.653
147.584
151.161
169.412
688.488
633.592
742.036
760.133
160.812
483.895
935.062
204.652
687.984
345.065
579.223
95.3374
358.001
914.415
687.29
419.624
778.364
231.811
186.498
221.081
591.977
762.122
839.944
885.257
176.515
744.918
309.246
955.167
892.502
460.407
124.579
580.99
93.999
866.615
341.123
254.811
350.51
276.185
459.463
38.4937
621.25
38.6863
133.831
979.251
953.102
821.121
398.875
731.466
52.9325
585.373
952.547
644.909
347.495
792.491
530.167
524.01
537.409
839.412
479.177
429.911
299.819
603.756
10.9009
393.818
470.372
352.024
648.63
820.881
628.209
108.093
859.375
249.459
146.779
993.206
228.71
99.8805
814.328
627.586
831.346
867.26
212.959
783.893
512.169
560.454
576.384
42.3357
84.4637
113.794
881.748
563.641
543.705
181.567
167.397
554.606
575.386
637.769
906.63
224.015
458.65
534.839
332.108
318.025
784.298
478.887
311.232
13.0084
578.768
125.559
640.594
410.114
992.819
853.553
194.007
504.988
414.007
770.392
547.324
498.471
884.186
429.072
62.1116
427.891
610.64
229.509
982.496
186.025
867.278
889.126
410.041
325.928
423.965
742.149
643.954
208.263
221.036
955.185
221.271
799.803
80.7446
861.865
209.917
73.5639
715.418
403.924
578.552
129.425
174.316
125.876
627.896
58.5017
554.949
690.007
486.392
165.588
919.516
468.889
351.614
786.794
358.015
761.654
112.722
781.98
503.803
756.676
990.242
724.839
711.861
211.514
524.642
792.606
73.379
734.559
866.17
788.797
138.484
444.722
918.223
312.8
570.599
546.118
371.301
125.547
236.126
857.694
291.135
155.642
326.582
642.749
942.436
684.597
404.404
55.1588
466.577
908.207
811.835
456.819
633.046
523.696
668.333
157.688
316.302
741.712
892.247
182.472
530.509
30.7304
627.194
448.732
343.53
197.793
994.85
714.831
323.34
230.976
572.525
614.475
386.618
899.107
257.225
329.055
583.705
661.628
384.214
50.2814
569.835
196.049
507.101
202.88
719.745
175.434
360.568
36.0469
917.146
252.815
218.519
447.655
283.545
845.713
896.387
627.075
43.5061
891.237
341.907
366.846
122.213
914.432
981.322
508.832
813.539
238.546
837.887
397.244
900.174
222.101
447.525
470.009
418.149
954.626
672.89
137.894
130.06
33.4576
173.941
47.2055
286.273
392.46
494.86
569.818
238.173
391.247
196.893
281.679
282.485
538.8
648.525
404.698
453.232
629.847
913.53
266.771
868.393
751.417
664.015
768.567
973.517
111.541
238.576
391.666
66.1668
911.466
529.56
196.227
944.923
703.501
243.432
231.196
95.9605
738.293
801.014
334.133
129.54
997.907
615.812
412.024
536.707
264.338
816.722
989.939
894.184
730.252
256.71
762.577
481.669
920.726
531.144
455.186
32.2662
769.72
846.852
98.4331
681.186
376.412
294.66
626.11
79.9131
538.092
857.305
175.874
276.384
658.319
510.007
405.924
656.226
125.819
817.949
192.933
390.157
634.671
182.872
284.341
364.923
439.582
46.9182
846.592
360.307
578.062
301.778
392.574
347.783
148.631
491.007
28.9686
525.043
785.666
655.078
604.956
323.758
512.384
780.83
600.142
170.703
290.837
6.06624
826.929
416.656
824.015
19.8617
806.813
458.686
202.733
91.1543
823.609
642.315
138.073
670.202
2.62242
716.135
971.98
395.196
63.9173
120.611
886.203
92.886
645.654
671.869
747.964
250.61
995.627
260.348
31.4399
595.769
431.051
322.277
601.835
257.98
738.933
425.85
277.841
545.746
884.536
480.575
636.9
708.145
122.89
774.973
378.347
125.512
491.107
350.327
520.708
555.025
470.938
406.911
647.911
116.592
78.7794
395.875
367.202
74.4061
656.223
398.642
670.175
87.2733
720.919
272.01
345.253
459.852
697.86
623.094
5.59735
582.396
103.669
642.497
290.541
226.559
417.47
668.888
352.071
908.577
19.2149
872.779
463.602
490.153
279.69
111.513
606.745
358.469
507.388
973.948
432.875
163.61
372.59
103.05
250.883
93.5087
375.06
596.136
553.36
72.9197
219.23
558.958
655.315
322.899
201.455
945.856
549.458
618.925
614.744
901.528
527.503
633.959
774.307
991.105
124.112
53.997
102.618
730.857
412.466
610.005
704.804
845.341
773.615
77.3942
948.391
24.4989
170.903
323.451
620.635
724.263
396.371
839.866
283.221
51.6862
162.765
484.676
997.542
712.222
103.601
612.286
613.751
631.103
246.245
388.058
622.208
370.356
442.055
724.826
101.213
854.521
334.831
806.018
699.863
108.446
883.412
648.254
132.945
54.3148
971.705
753.58
778.578
368.076
593.446
61.7985
419.763
756.211
546.474
417.305
468.433
650.075
29.5909
82.1839
281.179
275.836
470.242
903.387
646.192
912.297
628.213
747.406
766.819
963.043
553.423
466.681
71.4898
436.835
114.936
204.435
491.15
86.6411
958.016
269.728
454.717
551.462
331.526
874.48
307.672
878.001
291.785
776.105
528.076
321.376
858.289
809.254
597.211
328.531
712.641
243.404
240.829
340.854
990.809
7.64726
303.897
544.232
474.329
375.387
981.068
589.264
579.822
472.218
675.905
537.837
741.945
130.623
89.2989
73.4718
5.10304
396.971
951.472
296.888
173.076
479.548
618.264
31.3654
288.803
215.475
359.897
1.44364
458.879
600.725
342.297
449.688
608.372
646.194
993.92
82.7011
21.5811
974.988
671.966
601.403
447.205
347.871
139.24
189.151
478.494
228.539
262.622
483.597
625.51
214.095
780.485
798.587
693.643
398.749
829.952
982.446
614.224
189.849
983.889
73.1026
790.574
326.186
522.79
398.946
972.381
516.71
481.647
993.962
491.698
153.613
595.365
938.903
501.484
734.605
128.054
979.978
963.144
390.676
463.575
588.655
604.771
244.06
387.241
298.414
642.809
217.194
280.86
257.032
407.042
264.749
330.135
197.616
590.935
852.925
596.562
563.316
369.636
78.2096
557.278
861.334
231.822
152.643
800.237
733.306
887.248
928.291
713.284
850.392
318.967
176.859
439.047
923.738
420.919
826.288
222.152
63.7274
43.4817
503.011
320.76
450.524
767.76
650.895
648.14
358.696
503.82
244.702
922.012
873.456
322.912
479.289
734.789
554.734
631.932
535.026
288.041
519.18
463.317
1.32471
369.572
782.284
178.184
808.619
706.022
599.103
634.907
928.173
662.83
678.388
431.184
983.59
128.912
198.945
634.484
777.052
557.64
138.304
21.7547
479.652
11.7599
344.667
958.941
746.549
899.401
590.873
281.576
187.441
110.053
744.893
188.766
479.625
527.177
366.95
288.243
233.198
966.052
923.15
161.371
628.882
601.539
592.556
612.472
730.451
791.5
246.956
507.504
349.14
385.26
529.258
828.792
397.02
873.925
787.733
143.57
773.326
378.607
425.145
960.767
488.66
170.038
149.533
968.285
697.215
516.483
256.528
930.413
482.536
179.678
91.7845
111.418
781.217
684.34
723.89
511.668
475.841
970.846
19.1717
824.981
356.106
548.43
653.773
753.127
422.355
441.507
896.696
195.681
820.113
321.842
156.448
308.773
491.88
305.981
277.058
189.095
822.465
533.586
119.508
305
713.264
211.293
416.418
494.481
895.633
140.308
6.14871
371.474
111.154
25.3204
196.455
467.26
573.75
850.228
220.387
996.105
291.734
117.083
191.786
111.848
438.925
348.234
420.621
930.805
654.216
697.678
119.9
476.681
231.264
239.408
781.681
944.527
450.701
198.099
439.008
346.334
338.407
445.157
717.807
449.561
470.477
914.262
916.821
44.2276
764.49
137.208
40.333
56.2243
254.292
232.119
168.072
693.217
580.354
588.692
624.022
234.57
286.37
743.923
711.25
517.634
983.331
492.931
462.161
434.032
691.03
901.169
780.366
29.4371
346.326
498.173
478.998
816.803
412.435
395.819
861.031
176.925
533.028
901.364
233.15
787.319
133.483
401.221
480.536
713.837
989.914
104.558
948.406
276.284
848.481
659.656
793.918
831.812
152.587
256.08
265.844
843.617
157.249
46.2095
873.055
503.575
544.383
352.053
320.378
956.818
747.872
181.409
133.744
280.899
82.7726
366.893
68.2185
216.256
768.115
548.755
930.092
758.028
653.313
878.499
34.3128
501.794
538.155
828.231
333.606
690.743
84.3108
599.449
534.36
241.56
645.659
407.415
745.135
190.042
759.467
65.5131
146.86
507.339
246.922
280.604
788.238
329.695
647.497
856.457
545.95
415.611
405.211
476.042
173.64
58.5244
354.541
207.953
560.318
892.696
36.1837
893.924
583.439
120.494
493.373
117.799
362.054
139.032
525.213
107.189
329.074
284.68
172.702
475.934
792.019
419.624
756.538
580.258
749.319
404.034
436.714
295.269
819.646
841.926
771.311
993.285
900.45
125.853
201.238
460.768
18.5489
237.422
354.692
601.988
357.916
848.066
719.786
719.97
987.098
245
827.16
316.172
529.68
999.862
792.106
321.7
419.486
548.644
901.957
168.805
952.678
338.672
464.074
772.324
180.597
235.385
765.609
81.0475
361.238
966.847
541.816
379.787
204.269
896.508
981.774
562.185
744.574
701.561
282.155
731.672
946.561
109.315
47.844
476.241
109.177
839.95
797.941
528.663
388.594
699.898
697.468
341.273
38.5698
161.542
113.597
219.167
396.927
879.206
300.215
758.165
846.053
842.03
137.952
50.3221
738.539
119.726
612.507
483.112
821.287
894.662
214.784
767.848
3.97668
262.628
244.089
113.153
102.578
42.03
641.816
491.173
741.928
339.284
832.445
780.498
500.826
946.042
999.665
897.753
825.248
299.88
655.918
671.301
141.91
793.869
721.623
880.449
913.596
334.13
363.561
734.883
228.792
578.345
502.731
232.769
840.974
746.82
345.922
943.552
788.85
987.738
434.725
530.778
327.022
267.17
311.276
827.848
213.212
310.941
725.6
38.4598
610.821
381.518
709.761
752.731
175.387
431.384
633.18
88.983
765.515
996.741
823.866
994.307
575.086
326.597
227.075
416.06
73.4166
572.998
359.612
862.267
560.736
794.336
393.045
887.758
61.5064
704.321
715.605
274.718
15.2617
441.206
313.178
626.083
822.723
22.9392
378.814
998.111
454.324
11.9934
87.0939
219.838
8.73438
910.96
214.145
583.821
237.556
441.22
999.881
310.973
14.2176
359.492
173.24
574.953
153.829
566.284
462.711
215.335
270.605
178.316
490.054
285.866
619.522
803.232
911.949
442.245
826.171
290.762
440.356
280.495
302.756
527.45
500.333
311.49
438.41
714.477
895.311
675.966
155.697
895.192
986.939
169.915
254.684
160.179
744.868
408.513
726.463
207.579
623.848
997.068
385.896
113.902
282.934
5.41751
917.134
194.883
447.663
743.305
485.645
888.019
23.7991
788.401
415.469
524.132
99.8913
853.879
238.609
995.202
529.845
394.307
890.394
516.784
564.222
145.078
676.963
309.09
553.591
403.426
516.669
177.439
400.493
902.565
291.341
683.427
907.983
208.474
878.31
355.645
951.779
363.955
243.664
975.578
152.356
659.133
499.71
252.247
513.012
738.319
247.45
42.8572
132.625
137.844
559.641
696.847
282.922
236.604
5.93716
836.512
640.03
522.607
13.9513
40.523
425.172
305.292
723.95
333.154
513.767
602.26
688.8
465.546
966.215
932.464
441.124
118.571
591.598
940.834
370.818
104.61
679.153
618.268
147.467
811.778
756.112
707.109
508.625
39.0334
943.713
514.562
875.546
583.743
37.169
889.497
624.266
462.341
194.789
348.216
795.495
708.556
950.476
484.295
174.102
916.69
416.76
615.225
35.2614
8.35759
556.059
406.08
112.968
235.212
24.3482
260.435
46.9899
780.46
967.544
555.615
819.493
911.256
70.1775
695.039
494.999
107.346
584.536
119.265
569.687
779.325
467.48
365.183
487.881
417.956
849.478
661.983
334.646
266.238
277.208
369.908
274.595
833.267
775.988
387.563
68.4793
800.336
647.998
115.469
580.796
615.542
671.084
400.289
526.798
741.262
95.3284
21.7969
848.608
679.865
141.061
418.296
459.19
608.542
783.478
947.071
26.4974
632.956
609.054
361.144
899.193
886.263
731.051
173.789
719.53
507.039
561.351
788.009
307.374
209.349
903.479
888.17
824.891
574.563
288.459
351.689
315.825
383.788
373.486
164.433
63.6522
514.547
582.728
522.842
123.089
366.207
469.914
149.586
999.162
78.9679
510.73
898.356
965.231
241.781
72.1444
684.761
748.819
633.496
472.77
56.1936
842.845
376.249
944.364
667.736
950.811
232.823
19.4245
266.636
616.611
392.91
431.069
680.263
907.457
13.7974
203.105
30.5457
380.004
673.019
180.132
379.166
751.987
690.861
277.522
717.217
932.642
349.667
401.978
681.461
983.162
874.748
737.655
826.007
250.996
682.018
493.743
201.808
914.841
513.168
468.444
531.452
906.078
899.513
211.715
813.535
913.31
414.82
844.08
293.314
87.8383
24.2122
672.481
839.825
715.073
950.003
557.042
647.715
299.669
959.02
329.177
282.832
833.767
66.8315
108.839
84.7636
748.85
602.582
286.571
663.691
115.75
755.015
195.143
21.8279
654.528
406.858
835.363
567.838
821.678
679.443
861.153
909.516
703.655
533.633
749.341
418.729
483.636
306.383
66.4442
783.305
265.402
395.621
66.1369
99.1697
462.452
174.976
183.933
211.302
777.559
470.505
874.994
893.309
225.52
70.137
915.137
880.048
476.995
750.499
447.886
298.673
429.942
309.039
208.189
133.598
842.672
957.529
552.327
326.308
263.912
618.771
109.613
529.314
14.3917
175.75
628.484
476.844
350.726
812.417
688.146
128.285
282.922
563.14
21.5934
508.442
633.277
936.73
388.49
110.272
687.229
836.376
408.945
117.172
145.415
617.133
250.77
988.087
574.663
803.096
314.395
838.575
421.867
424.008
367.889
436.259
599.758
996.374
913.103
950.484
808.791
601.249
78.7682
91.713
164.389
100.362
600.155
797.666
37.0917
988.645
907.938
724.321
825.021
316.883
841.493
970.436
934.017
92.2625
958.523
508.679
895.359
272.918
347.254
317.226
696.926
715.144
753.484
296.683
711.517
666.587
247.167
520.308
267.836
325.935
612.021
432.225
426.297
212.176
229.891
463.389
200.821
137.83
187.71
25.842
454.713
29.2027
996.278
388.73
121.465
954.802
897.409
16.8239
227.72
244.663
334.05
924.646
959.807
87.5339
221.329
671.324
754.121
468.496
191.632
21.957
794.431
803.653
454.182
220.728
15.8296
684.074
684.117
216.651
821.904
871.827
242.493
276.617
901.03
238.771
665.346
22.4948
193.572
562.755
39.3187
421.292
807.418
373.368
345.938
767.225
460.902
567.267
438.549
215.023
35.7628
630.182
236.98
830.194
433.835
691.162
50.9226
449.665
375.236
735.04
666.315
197.14
606.866
908.808
473.756
507.896
147.579
139.102
530.391
341.152
701.858
569.709
762.444
509.276
943.078
108.381
276.501
403.98
675.648
715.051
619.003
711.411
345.232
855.983
541.605
779.067
547.146
592.528
228.732
922.382
327.567
895.048
119.521
934.434
803.856
593.277
442.33
951.435
732.38
972.72
292.586
434.237
542.43
55.03
943.514
485.508
163.411
220.015
889.488
839.059
935.065
508.491
550.47
280.298
364.474
92.0755
59.3653
911.62
684.603
288.098
834.002
12.1705
183.145
953.523
946.604
987.001
546.801
388.934
938.436
279.18
361.654
231.022
713.418
904.084
286.052
656.931
389.591
449.464
876.946
279.079
288.523
812.012
787.57
838.994
92.3096
152.044
931.069
151.675
63.6641
615.672
439.772
897.666
627.843
622.918
851.189
574.447
609.919
397.989
963.381
548.355
677.17
325.035
779.377
390.588
229.119
65.4298
47.5193
618.71
514.894
924.466
897.79
803.417
736.477
685.359
642.411
828.787
837.403
573.48
980.462
901.068
189.152
420.234
798.733
816.995
43.1521
649.922
391.442
653.071
47.9118
354.823
201.426
725.082
679.858
980.803
115.67
908.977
46.2331
163.189
527.687
561.127
87.6543
425.477
364.544
824.132
110.836
6.95433
652.918
948.24
580.434
633.38
849.307
769.586
53.6145
648.041
586.581
96.7666
297.963
978.023
749.838
345.875
332.846
951.264
70.9564
12.7041
932.067
186.626
921.681
978.3
349.815
449.368
539.427
437.469
874.845
903.971
261.6
985.681
910.925
914.519
933.921
491.359
547.899
783.228
260.945
601.514
431.268
847.527
698.28
729.231
825.55
448.118
75.1059
158.397
399.382
146.062
171.101
331.449
332.688
92.7816
309.749
682.503
542.15
849.176
119.972
416.995
753.146
381.572
402.676
664.071
296.091
336.596
155.43
843.99
119.824
416.376
445.504
551.092
263.902
143.784
280.324
89.4527
591.902
355.43
247.849
991.284
501.492
418.95
322.732
834.18
511.732
632.481
516.683
53.8814
481.657
636.655
470.876
234.803
18.2268
873.552
898.874
314.318
210.148
54.3039
158.308
329.972
470.679
603.812
881.065
734.582
747.596
161.388
824.035
339.498
516.818
71.8838
330.782
18.3098
490.834
653.514
852.49
2.56539
285.995
369.173
56.4468
767.652
5.82735
527.323
2.45459
24.0541
400.875
901.328
338.372
611.023
955.632
496.68
940.995
426.312
100.492
822.06
160.893
848.089
983.449
984.928
187.587
500.267
56.8118
518.369
518.576
547.646
171.884
371.066
550.211
457.879
740.239
606.658
225.531
746.066
133.981
227.986
770.121
534.856
129.314
108.493
145.879
84.9463
605.173
86.8742
511.258
705.665
908.934
672.151
553.754
892.383
657.079
741.341
392.65
713.891
259.711
911.226
261.537
431.595
282.292
811.748
889.474
22.5314
418.405
115.005
768.598
552.386
342.991
538.718
87.2418
472.305
647.211
233.121
557.252
252.384
319.995
68.5095
958.049
228.929
740.661
511.803
121.312
397.74
253.145
513.962
111.632
512.856
425.188
373.168
944.45
707.48
184.916
833.924
730.011
603.321
948.93
498.609
155.708
291.921
37.3274
242.949
764.226
684.538
476.07
321.478
936.922
796.065
389.987
894.971
24.9937
130.648
406.775
146.306
528.389
659.92
660.267
640.02
172.775
85.4548
13.1884
117.225
792.935
198.104
951.15
522.946
801.426
900.08
21.5548
957.133
192
58.8821
200.082
956.226
743.42
676.152
277.704
680.343
472.217
667.691
575.314
497.211
798.34
982.089
643.516
326.728
642.009
303.783
966.748
814.784
389.238
979.937
932.009
182.173
178.041
883.159
705.119
979.466
783.238
726.673
936.6
975.239
785.556
136.682
931.465
528.976
812.834
209.17
209.319
285.051
876.861
784.633
782.262
675.201
766.722
425.778
1.92866
408.731
729.561
968.677
223.514
118.8
948.613
155.523
300.972
126.654
38.6821
6.09108
106.121
821.921
732.764
42.7204
797.159
518.32
179.402
728.625
47.2961
992.237
937.794
256.615
277.288
814.655
41.2478
59.5495
489.856
807.97
485.327
491.785
216.7
214.889
460.461
440.214
333.688
409.075
595.738
634.661
535.729
634.42
640.752
641.85
456.34
373.516
684.571
253.5
891.836
863.973
982.125
939.132
856.21
919.919
195.747
133.497
734.574
236.995
193.047
224.43
44.9648
678.374
716.215
261.665
893.263
176.676
701.88
226.951
585.751
297.617
861.612
121.48
932.037
502.364
763.331
388.377
875.88
447.901
641.877
767.717
311.874
624.002
706.849
168.084
543.921
902.597
301.581
278.495
139.592
494.628
502.925
184.556
173.002
219.14
446.222
66.2653
395.816
148.101
293.217
981.568
445.718
154.829
103.048
377.755
657.193
866.379
766.132
533.074
314.28
408.009
300.79
626.154
32.011
7.63974
794.237
575.932
910.236
95.8183
854.427
49.828
590.446
357.352
234.385
763.448
576.492
680.606
829.714
972.309
828.707
122.931
953.876
274.425
277.759
56.9241
652.18
934.953
923.303
418.313
468.026
237.582
826.322
768.816
863.736
858.333
776.456
657.973
434.265
686.693
753.792
288.692
736.521
344.238
646.044
970.905
107.686
222.536
651.511
937.4
194.844
480.218
60.3307
148.721
754.644
338.09
205.645
406.824
273.043
128.947
825.137
741.069
366.53
651.459
509.885
230.266
509.792
286.341
888.239
944.057
973.034
642.031
232.749
709.554
986.269
878.792
680.459
93.955
101.328
331.971
31.3552
296.173
812.189
91.6859
444.893
566.833
429.776
650.538
973.657
702.819
779.485
798.794
443.888
146.015
450.253
953.773
376.28
960.046
240.114
264.519
904.103
213.148
906.55
136.852
922.702
892.819
15.644
603.162
986.774
116.972
935.132
18.1288
413.145
747.321
109.815
858.038
314.154
539.591
508.576
287.811
242.41
288.061
86.6052
686.297
434.075
536.858
640.07
810.356
496.904
880.184
74.8752
401.007
93.332
981.425
537.858
16.0343
874.244
553.502
619.196
861.017
670.475
554.329
879.146
83.6194
301.65
988.961
941.657
615.804
528.552
450.233
903.616
770.962
738.294
990.221
457.259
172.369
527.079
97.329
982.725
23.9831
977.513
57.6004
424.99
70.8452
39.0256
962.848
86.8795
913.269
516.351
706.076
774.287
186.825
260.404
653.433
270.444
562.054
642.394
212.102
177.859
170.946
662.335
81.4743
941.907
400.629
71.695
399.166
572.998
598.774
496.495
555.724
622.757
474.009
613.324
47.7471
544.854
652.35
10.5952
631.733
565.619
526.946
337.809
339.906
713.771
598.213
993.339
984.215
160.268
635.733
196.317
338.126
806.679
858.652
419.601
748.586
259.281
491.296
147.752
832.28
90.0699
644.248
388.003
712.827
118.257
1.32751
760.574
663.11
653.677
771.169
294.844
219.296
298.115
632.652
559.202
11.886
230.866
552.541
996.101
391.133
188.273
192.418
729.26
994.952
51.0706
148.861
743.538
310.352
640.156
891.291
142.632
730.226
535.538
530.635
443.053
653.795
531.963
203.628
316.905
185.64
974.797
611.749
404.936
272.912
244.401
964.138
284.798
475.267
516.678
280.899
866.4
704.952
473.318
595.66
699.904
524.389
744.521
443.442
834.74
384.677
334.732
977.372
114.903
870.271
508.007
557.957
524.065
39.9697
761.584
840.971
225.609
736.381
452.719
630.545
9.29368
697.121
594.683
294.092
172.387
111.361
574.991
38.7875
816.313
48.3093
634.447
516.216
572.698
378.968
959.658
407.438
763.645
294.39
384.81
878.548
164.661
892.817
436.505
688.726
932.787
198.089
529.697
158.396
934.471
982.416
788.942
943.764
679.537
383.625
237.856
851.924
494.986
812.848
890.712
311.299
861.157
525.159
827.515
433.855
904.127
787.173
841.293
667.772
81.5635
226.103
546.32
246.224
118.92
982.825
934.95
51.7074
180.914
464.647
210.104
115.385
447.064
999.045
59.1488
126.6
382.67
297.005
978.525
877.656
109.853
869.236
188.955
971.01
394.395
16.4699
404.864
298.522
803.643
246.157
966.294
885.207
472.26
512.614
131.431
591.181
495.439
66.3815
642.888
676.353
531.029
852.992
791.738
978.092
852.037
850.887
104.693
234.707
147.892
83.2175
112.363
257.744
952.454
301.318
228.754
346.849
317.788
633.618
645.371
121.431
879.775
611.666
6.63786
352.035
124.28
138.069
943.216
619.719
204.45
586.104
296.072
735.479
439.096
87.8098
713.572
291.133
938.696
818.264
525.841
86.5879
901.482
638.204
344.332
853.936
939.522
573.086
200.785
257.31
206.704
846.156
378.741
86.4788
457.822
385.379
438.514
582.102
523.448
381.73
201.821
727.898
967.834
497.893
463.377
406.93
585.703
176.949
698.063
524.399
995.213
223.904
610.987
896.695
862.108
955.319
750.631
801.63
528.405
951.416
58.94
735.108
797.572
437.681
821.587
255.394
823.06
260.101
837.496
346.507
641.831
39.3163
74.4055
609.665
537.209
537.783
16.5954
122.912
714.731
714.659
647.31
709.945
938.563
258.297
606.64
800.671
213.616
357.271
602.301
742.02
308.687
661.241
477.129
106.259
98.9223
298.716
361.653
921.982
558.817
199.148
268.49
200.648
238.465
342.895
810.313
775.674
880.678
826.909
898.585
595.409
541.567
545.896
305.354
480.13
804.193
911.994
280.801
17.8084
269.265
883.103
759.829
577.951
544.344
236.957
684.21
643.266
535.673
45.8626
565.248
94.4894
245.011
833.738
295.137
483.475
176.633
105.451
259.149
57.3108
932.359
157.734
652.72
473.927
703.63
958.074
954.057
507.823
870.068
234.858
525.631
139.332
117.961
285.46
717.284
662.305
522.417
401.494
305.571
58.0894
447.356
870.82
152.579
692.367
704.558
447.716
175.843
881.191
553.167
434.992
938.502
485.526
592.726
591.222
959.452
296.356
549.296
913.509
804.178
419.363
148.368
329.809
558.696
266.329
615.269
275.979
928.634
137.686
677.473
234.205
195.775
124.829
105.025
348.354
817.196
809.583
796.07
993.039
690.774
349.236
428.031
629.275
834.762
20.757
220.497
794.214
317.113
769.793
707.723
121.291
189.156
856.091
451.101
747.852
122.42
66.3697
23.8315
51.0536
204.055
701.304
285.259
399.83
826.134
390.284
748.184
643.33
199.867
544.254
636.369
890.641
893.49
64.4002
519.916
728.252
85.1572
740.414
522.466
402.27
510.206
230.189
523.562
699.363
86.2804
974.662
447.215
208.7
41.0321
471.046
259.754
245.087
172.351
545.013
644.918
998.485
935.297
393.102
641.815
135.164
937.355
278.184
25.8048
830.845
342.584
545.721
559.097
427.742
286.135
81.5632
830.012
796.341
311.753
353.573
495.704
398.033
328.236
942.919
606.733
369.268
413.965
866.487
614.355
586.316
411.5
259.273
584.8
346.796
652.375
226.615
481.96
589.73
504.799
507.765
420.575
847.384
53.4863
979.672
275.125
339.621
61.2355
105.137
135.962
372.988
458.71
631.666
771.021
786.946
574.584
377.754
156.214
988.549
244.241
770.569
574.865
655.741
29.8418
159.665
2.53735
682.216
386.28
484.498
271.946
891.08
992.263
692.521
738.463
45.7492
672.194
13.5884
385.37
733.429
118.725
521.332
106.417
577.435
152.998
877.438
364.381
727.583
255.193
520.595
716.132
499.434
291.164
290.997
155.175
321.006
450.662
157.712
3.22187
836.943
642.21
275.168
728.022
634.473
967.689
466.486
680.222
639.883
480.074
65.5925
373.312
598.799
586.925
479.729
176.235
739.923
357.167
540.616
467.506
612.36
61.2111
183.638
111.794
352.375
474.635
266.969
673.381
925.297
424.682
676.602
762.24
66.8917
951.77
490.263
701.365
919.46
956.748
381.587
559.342
436.822
447.179
932.654
35.6217
34.1043
412.383
211.857
774.027
769.55
752.473
241.533
381.911
813.684
425.171
493.705
166.059
899.806
760.674
839.439
825.103
185.356
516.042
587.343
252.247
467.812
77.6057
953.612
387.272
34.3539
335.199
946.614
471.176
782.378
879.268
506.798
816.483
291.652
718.654
590.51
61.2021
471.127
832.043
443.113
284.811
257.214
936.817
450.87
157.019
697.491
290.309
982.122
882.847
806.351
569.466
135.094
274.163
647.071
88.7064
661.435
681.425
423.905
608.049
152.601
206.284
487.318
659.399
22.7665
778.969
378.054
613.276
840.171
849.181
445.319
283.284
133.992
702.533
220.101
584.862
859.553
917.593
875.171
841.675
800.44
681.522
411.141
935.534
955.685
58.2119
24.2407
617.12
739.637
448.146
225.169
892.238
654.43
712.486
551.638
677.196
491.455
929.692
290.473
331.627
778.872
735.792
614.911
912.864
438.325
835.012
497.726
297.878
752.605
372.897
139.553
553.045
54.4187
550.693
488.579
10.1035
608.905
512.82
627.223
348.542
960.966
852.392
240.781
615.396
564.878
792.419
292.592
56.3338
722.11
583.065
387.961
500.983
318.857
2.87111
413.847
757.182
837.883
911.573
55.0602
590.488
284.47
194.613
143.532
338.888
745.307
632.111
348.992
354.212
144.931
976.215
702.754
105.897
828.607
943.535
721.293
393.485
735.954
13.8847
449.819
458.064
596.949
837.78
959.047
915.806
840.651
372.894
672.989
678.534
284.467
728.049
269.022
568.936
922.662
412.554
907.825
667.969
44.6656
256.817
22.1806
189.597
233.032
724.935
295.494
61.6389
668.47
16.7864
455.124
404.424
30.6711
904.944
862.489
627.621
742.723
821.536
543.427
583.374
194.429
216.416
261.908
478.896
944.465
530.93
47.8324
867.127
943.484
955.657
535.095
988.15
212.474
557.276
177.746
445.506
282.211
473.24
507.144
950.681
490.027
962.269
355.105
520.698
867.212
217.594
148.318
609.936
39.1298
691.745
193.31
233.559
908.161
455.218
712.455
852.626
986.148
760.288
719.752
929.632
715.945
254.848
917.782
928.419
812.123
95.5285
373.924
94.3341
568.769
881.069
45.0152
58.7952
843.338
400.121
579.493
710.55
617.715
727.811
320.486
656.845
419.556
513.796
890.404
327.717
969.014
602.859
180.343
955.162
363.147
900.095
884.794
79.0915
154.943
802.576
7.51024
967.066
898.105
381.435
61.4
466.874
262.503
106.415
525.669
105.841
506.536
105.162
816.391
124.251
832.973
136.876
781.095
252.529
650.672
671.499
580.246
619.686
274.358
760.589
574.848
637.505
660.684
459.643
716.596
815.626
262.219
724.107
782.692
160.324
105.541
844.092
627.198
368.045
950.507
152.867
473.885
457.043
258.028
290.276
581.294
91.0007
427.153
362.389
343.529
77.8248
33.8882
923.775
697.511
308.246
684.364
272.359
945.751
345.047
732.002
662.348
160.674
994.221
386.454
943.366
154.545
491.996
787.458
781.743
860.04
737.965
934.609
333.926
195.008
192.637
624.202
776.301
283.638
51.3545
138.69
627.167
129.179
172.579
550.943
826.69
480.825
235.307
99.0492
426.576
580.354
831.051
88.9239
741.028
825.272
475.378
684.393
979.817
967.374
471.851
761.559
827.414
209.815
696.169
161.339
404.823
888.806
785.541
181.124
172.444
836.896
319.815
799.611
966.075
492.393
350.554
792.765
973.218
585.861
891.814
399.794
166.215
722.865
488.718
907.243
548.137
964.096
591.636
527.954
931.47
63.487
289.513
758.884
273.302
985.681
920.223
678.126
874.487
705.765
859.25
46.9311
542.66
179.065
846.542
508.735
671.458
197.097
301.5
644.676
782.957
193.315
44.47
949.172
916.18
533.188
856.415
464.317
497.284
448.051
992.27
428.754
511.538
281.783
187.638
784.841
267.464
107.862
462.966
141.952
813.627
322.216
188.883
356.287
501.281
35.4253
865.022
172.738
232.522
166.523
817.414
15.4792
359.838
861.884
964.652
276.017
395.072
821.067
740.334
892.357
269.118
732.604
321.111
780.656
14.3875
508.749
565.497
281.852
616.611
28.4635
423.804
430.238
350.68
612.686
786.525
851.96
648.112
651.547
24.6988
880.634
818.07
842.113
896.113
177.908
703.997
860.764
453.925
99.0694
681.831
194.26
991.426
950.949
926.864
312.537
731.606
941.251
821.286
297.103
223.103
437.898
325.566
646.907
868.136
676.246
259.594
654.661
528.207
907.705
306.208
552.905
788.339
124.278
395.018
684.452
302.186
99.0155
545.216
756.111
198.085
227.047
950.371
189.511
177.996
877.235
502.048
909.602
818.486
323.334
206.705
41.5896
761.232
532.271
688.497
629.368
208.517
948.09
284.028
736.724
855.795
590.236
289.629
644.134
714.514
684.648
328.586
16.7002
783.663
873.802
772.812
981.748
100.849
723.182
171.259
278.845
600.417
673.307
188.447
418.904
996.641
395.152
460.493
757.873
927.423
148.99
387.241
135.941
97.0802
671.269
872.665
952.876
261.505
162.294
597.01
976.019
846.942
925.596
992.719
630.605
799.398
765.531
612.353
900.247
488.713
783.612
179.092
89.1307
456.918
367.539
508.034
453.559
762.691
968.528
211.432
690.114
117.518
598.673
826.054
214.598
269.942
698.719
167.473
531.447
861.013
764.483
507.466
707.955
690.079
500.185
338.559
489.477
265.716
950.912
389.723
754.429
734.524
568.815
843.56
191.442
936.354
351.594
645.001
699.044
320.122
856.433
389.158
437.639
455.106
215.212
652.237
725.048
913.931
819.711
256.494
774.944
584.194
763.96
482.899
274.273
264.145
821.458
763.75
529.861
772.37
153.473
284.29
506.893
722.288
127.85
698.335
658.642
479.444
343.336
357.686
799.566
199.769
746.844
237.205
654.875
962.056
889.442
379.923
875.987
709.153
636.417
650.931
293.347
400.377
133.83
567.62
664.522
955.287
331.37
194.383
727.657
484.843
478.672
234.551
207.131
606.522
932.886
865.772
85.9659
276.222
223.458
885.532
475.992
970.302
122.737
130.867
932.358
12.1793
510.79
808.345
721.332
147.208
459.276
14.679
547.585
593.105
582.299
212.107
548.393
913.668
406.489
276.05
398.511
885.161
510.601
605.642
491.683
443.487
471.414
577.649
719.71
694.873
463.181
195.702
665.174
585.918
326.569
597.532
598.097
837.359
405.877
319.43
984.567
865.152
334.109
532.152
458.258
916.407
744.258
6.65038
830.076
150.747
282.701
228.587
35.9085
793.302
834.229
527.592
236.789
305.643
105.241
956.498
0.515649
568.422
152.2
665.69
154.34
478.769
263.222
752.438
316.128
669.098
71.8672
300.695
534.251
405.976
832.847
992.508
322.383
577.105
999.159
152.459
727.852
281.859
381.046
763.761
75.1608
215.275
291.353
311.95
520.918
396.594
268.448
521.433
965.016
420.648
187.123
119.356
899.417
450.345
871.794
215.546
119.444
943.661
516.241
653.694
349.637
349.088
646.203
672.02
926.192
645.361
824.479
654.044
927.22
205.525
417.805
2.38119
420.8
709.158
314.331
941.717
105.751
582.779
463.151
70.7674
3.42716
650.274
190.124
902.844
100.619
61.9179
118.39
220.063
5.57917
634.631
873.758
355.216
983.718
519.96
27.2364
909.91
165.321
851.716
563.955
92.5417
57.2405
981.76
94.9229
478.04
690.917
409.254
419.757
796.669
992.033
882.908
867.436
995.46
533.182
57.56
898.304
633.802
119.478
16.6941
853.865
125.057
651.325
727.622
480.273
635.043
247.583
507.51
544.953
412.904
359.225
108.908
505.446
416.466
90.668
600.368
894.506
781.585
9.62211
314.263
578.254
1.65478
197.171
445.69
997.115
730.354
503.25
895.419
364.155
622.728
912.113
218.02
747.785
563.438
945.643
228.058
198.48
193.225
735.568
743.433
606.129
94.7932
852.342
111.575
511.259
943.01
711.943
405.764
724.595
721.565
720.028
302.849
723.22
917.199
748.539
720.335
647.553
251.789
615.753
11.708
874.517
527.866
229.728
622.302
91.3038
175.371
850.361
289.784
368.597
585.929
33.2175
974.726
680.722
885.559
86.3004
191.981
828.569
798.244
597.745
553.164
519.809
317.773
856.013
243.029
234.972
604.552
963.363
882.524
856.341
579.117
894.232
730.858
106.983
123.961
353.161
198.287
299.332
203.522
488.071
667.928
789.451
521.288
642.654
470.173
406.848
728.955
662.154
235.416
527.198
259.899
788.58
47.0069
577.672
644.592
290.036
812.643
249.144
253.399
695.168
105.485
832.516
589.4
836.344
939.499
713.361
189.504
137.786
12.6926
393.026
625.857
680.621
182.477
147.145
323.275
652.649
553.993
52.2297
314.803
789.409
579.428
574.702
577.989
626.435
152.373
222.581
916.47
965.017
471.726
169.869
660.185
577.211
2.38508
249.585
413.554
941.884
962.946
603.059
79.6697
975.638
996.085
705.526
656.259
178.562
852.672
979.534
831.211
406.664
31.7641
146.014
196.074
611.192
720.716
774.062
237.627
873.089
996.644
154.097
838.106
468.369
323.966
498.291
45.5802
326.351
747.876
459.134
268.235
710.821
62.1932
347.905
686.459
58.2781
53.4314
342.718
236.84
906.103
322.253
68.0509
312.767
354.017
214.065
508.841
965.209
934.781
282.903
202.835
807.87
279.547
356.932
645.976
747.917
680.898
144.267
793.497
7.24974
892.143
252.631
275.485
602.964
314.825
623.39
289.423
373.103
676.821
632.141
609.942
582.924
954.394
677.993
895.692
308.411
892.058
404.533
273.62
826.839
687.436
476.455
634.709
966.983
833.388
280.685
714.9
514.286
424.952
508.397
521.536
317.095
761.029
797.021
920.059
75.8531
420.411
209.482
448.956
97.2319
841.623
58.8981
680.156
796.017
736.891
575.848
104.428
628.95
980.381
378.048
455.789
667.817
854.503
90.4978
634.8
687.891
371.183
349.701
202.177
796.135
858.098
723.713
113.23
619.126
520.733
33.2887
694.979
941.144
242.77
143.935
38.3758
84.3933
202.833
718.532
880.41
939.725
294.38
984.839
568.674
274.761
362.887
24.4631
942.577
217.39
114.961
577.378
905.281
486.144
927.078
107.458
282.279
785.176
831.17
395.509
404.302
351.903
428.798
99.2817
293.047
671.568
243.217
331.423
755.962
446.05
49.955
636.372
385.774
344.335
621.211
954.449
619.096
984.098
978.912
561.673
201.488
93.8729
139.051
106.768
580.017
66.1291
214.226
862.296
851.305
45.3964
257.805
255.608
397.3
686.603
354.889
690.347
358.171
598.106
21.7704
114.133
44.1557
71.7254
750.505
429.93
416.06
371.716
384.379
35.1559
355.813
363.291
596.829
557.301
457.164
735.88
664.069
37.1807
802.009
878.295
899.477
653.314
923.692
157.282
908.921
320.992
843.885
263.811
11.3389
202.056
861.917
33.1093
316.189
906.072
104.835
66.6934
336.002
520.895
438.409
720.382
556.051
794.222
83.6726
152.88
351.523
540.837
888.759
15.5916
578.017
690.768
893.887
477.494
344.082
817.579
634.775
253.003
138.57
478.66
516.814
149.909
680.716
378.731
183.018
996.904
284.803
287.853
63.5978
620.805
808.748
502.007
341.187
364.799
296.229
424.86
517.679
647.751
965.696
406.439
663.343
543.713
97.2068
557.23
21.207
441.289
374.808
655.982
694.292
513.379
134.642
211.106
663.288
815.358
589.837
846.306
812.263
874.64
134.159
875.861
495.445
942.908
377.867
836.632
307.707
674.096
261.492
825.386
321.847
227.188
231.825
985.19
770.901
329.032
542.42
792.108
770.32
917.228
448.091
464.613
430.607
582.733
675.719
93.8946
398.091
265.556
940.201
210.354
140.196
74.3604
86.2147
635.642
17.2681
464.082
472.274
324.975
138.178
733.766
150.361
460.025
960.954
382.186
445.215
731.855
711.218
987.635
523.964
481.538
904.863
972.055
946.151
335.47
554.788
621.87
429.364
952.879
887.426
369.565
163.233
27.6224
443.925
249.448
663.264
461.193
713.53
135.538
786.169
851.708
869.304
936.53
311.733
830.258
318.716
756.948
562.114
29.934
744.583
86.0777
511.472
649.446
58.1323
457.623
984.915
612.92
79.4931
414.279
565.799
966.919
783.844
729.032
994.542
227.769
978.48
657.806
688.963
692.01
793.344
475.132
543.718
662.648
411.662
855.451
492.906
730.378
612.399
55.0204
760.312
356.982
141.098
271.784
6.42765
199.23
729.407
991.343
812.15
808.9
405.622
377.949
775.819
189.466
106.982
770.361
417.235
85.462
428.167
106.198
777.472
221.51
581.33
321.191
884.159
992.992
176.642
377.065
723.369
789.041
432.085
483.681
146.023
573.184
755.465
152.451
772.414
484.872
143.794
584.564
293.773
549.416
962.514
69.5921
738.882
69.4956
839.953
156.117
154.958
268.12
262.316
932.43
489.63
843.646
253.62
373.789
836.637
430.262
750.854
560.007
219.304
182.939
43.6878
365.327
756.123
799.153
517.778
528.537
284.026
661.572
113.101
577.798
210.987
75.6153
647.39
949.869
145.111
487.344
105.986
300.069
755.463
368.302
232.498
245.094
211.947
486.119
618.883
48.5843
916.381
369.736
608.591
135.685
552.676
652.279
501.012
308.799
451.432
18.79
837.336
735.457
680.362
950.437
313.255
891.349
26.0524
960.646
841.218
171.163
447.989
947.204
471.232
203.453
315.506
703.73
448.547
527.453
189.849
67.4293
576.037
106.23
437.166
184.628
241.915
989.842
836.907
742.927
298.64
288.338
761.717
135.976
23.7956
442.079
86.4131
337.051
333.428
112.466
297.697
174.646
283.629
745.686
121.851
754.861
949.139
437.357
458.591
397.686
964.81
648.44
465.115
540.847
754.671
902.281
725.475
996.586
892.123
562.382
739.513
190.763
850.72
501.231
326.739
874.516
943.31
413.152
211.567
276.738
525.618
509.264
451.384
809.247
254.95
573.235
564.107
204.089
10.5912
22.6986
601.775
975.401
671.139
66.8906
516.248
425.81
969.172
241.723
422.396
861.295
804.105
161.909
52.0578
654.825
663.14
378.797
529.34
606.45
791.949
740.907
883.187
317.567
250.171
334.571
126.813
505.121
907.806
690.921
709.21
918.397
713.619
310.985
893.798
384.758
377.876
410.046
810.568
347.048
651.769
232.964
208.342
455.873
394.873
260.4
110.698
58.0128
639.197
640.038
664.462
431.146
380.945
547.65
748.713
631.116
882.221
875.526
136.237
790.027
566.447
845.447
708.425
280.066
156.432
602.223
664.825
534.308
12.2691
475.393
881.356
664.038
708.356
89.6982
119.911
103.229
350.098
230.609
161.242
989.295
870.648
825.704
420.442
251.593
373.354
169.154
882.71
255.575
44.6807
18.9464
45.6028
611.128
864.393
754.028
891.194
20.8253
356.251
556.019
555.133
368.52
31.4113
436.489
32.5577
739.768
526.187
152.469
842.997
876.286
383.079
4.2388
865.581
253.726
829.943
286.023
505.32
203.297
455.177
388.029
458.873
499.858
406.976
504.476
110.986
271.369
258.503
2.17994
292.194
614.754
558.199
847.327
983.274
589.61
283.817
15.8314
329.378
810.004
168.3
172.374
686.29
551.379
176.613
551.871
805.105
6.55638
837.894
310.425
209.854
293.072
698.454
668.727
792.93
105.43
173.202
903.915
376.799
431.706
906.095
668.993
46.4595
464.294
516.32
29.7333
53.9041
800.137
45.5647
383.282
610.141
213.865
555.656
296.431
765.244
732.269
848.302
570.35
738.826
686.197
880.775
948.679
979.268
579.229
617.406
772.198
684.659
790.608
676.113
61.4579
222.314
582.208
730.451
268.773
46.5024
246.771
298.507
100.406
46.9084
344.071
483.688
657.05
557.937
39.3441
953.481
323.181
771.613
801.783
893.53
510.439
487.98
774.305
459.118
467.248
353.534
76.5241
239.446
38.1931
867.132
915.559
99.6509
89.4461
497.767
830.102
358.219
544.269
76.8731
656.726
644.676
123.782
0.797416
128.364
780.831
558.734
167.708
734.312
881.915
939.321
536.095
775.445
449.76
24.0752
549.75
908.878
491.323
903.284
985.402
730.769
941.477
852.535
646.327
41.1279
941.981
144.094
871.23
300.2
688.364
948.103
956.926
333.04
71.8844
957.724
461.404
852.716
516.458
629.112
587.028
398.372
568.433
123.123
173.817
18.1935
147.198
723.567
927.072
638.521
626.851
912.474
369.29
568.328
765.009
15.6174
609.456
706.989
159.712
480.686
7.1896
848.076
428.789
964.116
181.115
500.673
921.84
642.519
353.389
438.297
271.631
940.416
836.67
840.064
63.5393
10.4869
858.258
210.737
734.054
785.33
849.259
360.905
697.804
218.549
929.233
462.812
234.166
538.689
169.802
393.878
19.3751
176.991
241.954
448.164
141.107
423.069
948.837
62.9469
65.5883
302.225
501.244
337.219
242.642
337.914
177.284
306.181
348.401
35.5418
516.918
82.4547
820.872
366.177
443.36
518.675
584.726
372.593
981.488
818.892
911.282
151.289
212.77
930.657
328.281
454.723
378.821
469.388
877.792
327.658
532.335
943.381
629.883
33.5789
280.6
872.525
371.493
457.884
178.706
719.893
493.426
695.624
802.348
314.297
61.8015
245.708
832.973
646.527
618.301
814.46
465.419
529.583
965.749
678.189
460.241
294.03
132.913
839.062
763.418
10.7051
166.72
295.753
954.086
796.603
329.332
234.686
669.128
700.824
692.57
847.834
420.717
185.996
543.458
223.065
500.293
605.26
468.773
333.266
251.787
87.0739
147.726
717.206
616.657
113.476
395.396
76.8979
407.506
528.308
915.96
170.924
539.013
82.6797
466.677
493.099
879.283
796.008
727.785
548.411
496.832
420.355
396.245
917.55
606.351
939.703
140.615
106.645
544.963
609.388
439.911
796.75
696.462
587.637
513.956
313.119
701.113
909.352
390.017
108.618
437.66
305.977
279.542
976.674
388.657
746.219
469.773
267.939
542.227
197.559
816.35
39.0592
617.914
212.595
956.609
224.265
152.298
97.2241
330.91
697.261
706.612
770.821
494.011
403.074
358.458
7.96722
716.194
59.5705
917.319
106.211
168.189
354.98
412.188
447.731
331.653
800.844
193.95
801.427
68.7835
736.176
998.985
885.134
775.236
616.899
97.7288
731.845
841.165
250.027
829.069
172.075
947.288
535.681
942.896
441.299
938.755
301.354
449.266
654.949
360.924
366.585
761.16
529.113
721.565
173.347
976.844
53.2183
974.191
170.793
854.645
42.975
906.97
853.63
928.109
682.205
470.529
25.8377
414.05
311.694
275.865
243.118
483.769
223.152
778.799
426.664
664.451
717.555
728.018
113.717
372.504
88.9416
480.302
133.663
618.054
201.867
307.011
594.898
255.085
281.202
765.691
109.73
324.177
672.661
963.36
252.286
354.867
433.89
278.124
768.916
745.584
553.988
12.035
229.352
777.141
790.834
656.016
441.592
508.389
384.034
555.309
880.893
472.975
35.6116
14.5563
91.0298
237.479
321.567
685.928
492.564
602.769
451.619
602.295
926.947
124.281
565.655
179.233
479.147
999.545
457.356
248.064
745.128
11.3446
260.099
974.48
788.485
50.9332
630.497
230.077
559.322
14.5303
785.387
440.215
487.506
820.998
454.772
578.536
58.477
776.339
264.464
551.041
379.108
716.083
153.336
306.055
840.364
718.991
485.287
319.511
718.536
942.643
567.575
463.664
953.988
827.674
438.145
742.473
878.607
68.6412
972.551
437.929
83.1715
757.938
878.145
570.677
578.936
332.916
149.213
637.413
109.255
413.676
188.454
488.363
129.759
341.79
794.418
970.123
60.7812
279.705
289.634
779.317
222.348
857.209
242.981
176.336
684.882
681.126
918.81
563.489
749.767
891.361
1.41848
832.939
649.298
879.563
403.616
228.234
212.479
552.829
865.647
321.734
966.505
54.1014
810.098
96.2646
395.892
604.515
66.3876
456.673
884.22
356.022
235.99
106.568
213.23
478.971
282.905
898.113
160.097
201.715
461.602
909.864
93.0753
463.02
742.803
742.374
342.583
146.419
970.608
555.063
699.248
836.255
876.797
665.753
890.357
686.895
762.018
286.248
291.41
828.405
742.921
175.63
184.427
978.911
282.198
397.657
457.882
565.103
295.77
617.979
766.818
757.372
527.843
859.893
220.392
270.646
602.267
562.976
417.065
572.875
118.038
116.312
409.13
994.836
782.065
299.487
681.73
544.083
585.735
973.141
372.488
328.656
148.771
556.915
307.566
430.969
954.572
765.448
996.072
250.341
383.427
762.89
7.71297
911.27
622.783
228.105
181.916
225.049
791.081
598.98
797.924
909.119
715.293
207.054
903.955
497.358
506.541
585.685
41.4411
92.2753
558.826
413.929
420.931
707.596
970.844
728.497
138.565
925.415
493.945
134.637
175.757
877.372
897.527
183.47
788.642
520.309
411.575
970.557
745.358
202.655
569.537
543.282
111.774
284.83
750.336
15.7287
782.188
256.877
601.414
823.629
349.152
160.239
237.559
770.083
867.835
208.402
498.58
6.40054
133.818
992.525
141.038
309.575
869.897
38.5645
493.044
658.539
558.874
904.619
629.096
304.232
107.274
198.633
847.515
219.048
483.464
597.851
234.777
265.652
854.728
836.191
89.2814
203.88
996.43
326.84
973.963
864.266
535.242
472.543
870.666
669.06
465.069
11.7037
978.634
334.966
50.2682
471.679
993.504
609.142
376.298
622.6
913.374
483.572
821.234
760.889
702.621
304.697
358.74
937.398
570.349
213.468
773.589
659.631
417.348
770.019
986.471
391.311
634.284
521.713
863.854
504.95
190.773
328.922
516.654
169.407
663.888
566.922
641.086
657.393
176.064
17.3837
279.993
89.4385
500.956
101.227
850.328
203.576
405.924
209.068
140.974
976.273
422.535
914.563
635.904
839.883
684.581
622.375
231.194
318.866
144.087
95.0479
823.816
334.86
423.97
340.47
504.267
87.8586
907.392
145.353
745.251
83.4561
162.737
25.2442
172.895
663.692
126.471
23.2221
867.269
532.395
232.29
8.24303
508.669
654.825
922.806
144.573
494.708
607.387
766.947
725.902
926.253
911.035
820.95
750.068
245.895
244.921
90.5381
750.162
332.779
997.93
895.515
78.0304
81.3861
58.2513
103.275
254.281
721.944
229.746
277.503
589.213
762.141
509.793
597.456
270.809
164.618
520.261
415.382
659.326
127.649
182.329
385.228
53.9013
93.364
206.179
803.97
339.259
451.099
894.508
89.4203
783.879
892.438
984.935
861.909
973.824
43.1863
965.184
228.105
765.13
194.929
505.608
354.343
957.07
15.4001
951.799
227.879
180.018
472.06
643.261
839.344
599.709
825.591
224.572
653.61
918.954
430.751
457.58
258.213
881.85
352.087
347.633
665.729
244.525
332.568
527.638
218.349
375.755
492.821
446.454
140.885
687.75
952.061
495.228
644.82
967.461
447.026
872.699
147.479
919.086
515.961
986.823
518.795
341.551
211.395
172.405
260.506
642.146
629.985
518.719
523.996
982.072
866.352
189.725
226.597
198.92
717.362
444.946
574.675
210.183
891.4
715.56
897.934
843.461
210.788
542.754
810.923
657.814
415.453
958.402
576.9
931.414
945.225
95.6955
272.965
156.62
268.1
533.47
798.766
898.085
52.1889
322.762
880.157
918.541
512.487
106.754
117.461
229.849
551.7
692.137
440.033
443.1
407.697
337.966
286.561
618.485
880.72
97.4838
276.299
296.173
55.8856
853.199
227.587
1.11044
948.895
500.551
157.731
216.995
34.0214
956.497
115.08
86.2103
279.259
995.237
4.75124
791.746
101.991
122.213
21.5958
653.691
814.349
461.629
96.7911
222.046
799.595
383.352
840.531
680.315
480.836
116.829
976.488
536.722
970.028
204.075
537.832
918.923
704.626
695.563
135.918
738.648
652.059
250.998
824.858
931.319
246.235
829.609
723.065
348.226
951.822
744.661
1.91738
766.171
206.289
98.7084
988.217
5.88433
482.061
828.748
686.2
962.897
945.577
662.688
499.618
915.605
866.763
37.4502
834.528
571.389
733.013
970.446
310.036
385.072
221.444
134.894
316.391
467.68
964.503
39.4555
815.906
916.325
784.116
817.824
682.496
990.405
916.532
670.713
996.29
398.593
499.461
682.489
361.489
445.037
345.177
861.107
360.642
211.94
898.558
195.17
783.328
631.57
165.617
93.3648
16.6425
387.061
228.259
333.033
854.741
192.762
372.489
670.647
109.087
156.605
488.47
791.583
147.01
405.002
462.297
143.3
803.595
961.757
825.789
165.084
406.794
170.966
26.1918
767.437
382.905
924.749
962.607
166.234
556.32
128.224
259.599
572.962
515.285
487.858
905.995
370.025
680.62
278.484
40.6723
789.707
435.089
529.143
581.291
582.099
934.145
43.5872
725.398
737.74
5.34437
551.187
902.825
412.139
722.153
929.016
179.576
105.058
853.766
142.183
271.292
410.086
270.406
530.891
983.048
785.691
18.7484
889.043
155.716
699.368
167.527
196.388
489.076
602.616
725.531
70.3663
184.714
659.676
113.954
910.113
397.417
119.298
461.3
300.241
531.437
183.452
229.258
711.012
288.511
83.0235
853.195
559.803
493.109
123.601
90.6936
476.157
909.292
109.442
365.201
65.0075
808.81
532.728
261.396
297.886
135.344
986.927
368.252
320.058
646.603
482.206
230.171
44.0199
601.504
691.47
344.261
132.941
874.923
573.519
843.953
163.434
656.542
697.148
723.236
149.651
820.748
813.93
625.808
730.04
923.372
991.009
795.047
732.182
523.737
56.4433
30.0682
659.081
43.3703
398.32
979.139
689.974
880.526
209.31
733.994
482.03
900.78
78.2547
614.971
775.703
651.773
458.923
939.137
308.316
156.071
662.373
457.967
976.819
476.303
83.7754
706.859
399.675
74.7844
501.907
131.857
598.521
558.35
161.926
257.602
601.72
560.246
236.741
291.694
440.772
446.05
25.6874
922.803
346.831
103.942
537.773
122.534
755.715
996.697
61.6704
64.0311
152.768
724.044
521.998
129.587
200.347
605.773
836.446
600.022
680.558
338.353
731.879
279.079
896.703
893.805
536.681
498.423
454.051
773.422
790.117
894.823
219.472
815.804
817.626
566.302
919.747
355.399
688.836
675.462
352.096
750.506
739.493
504.863
474.55
261.491
634.45
674.897
867.265
470.897
274.919
547.822
809.25
6.79785
826.901
705.952
900.603
363.582
204.376
354.654
137.004
994.493
249.477
356.476
810.297
67.1031
922.778
730.044
422.502
611.614
405.506
774.598
362.121
144.999
279.462
836.671
406.49
913.912
511.567
273.754
384.808
786.486
821.577
194.058
793.284
648.478
900.01
693.887
12.0604
104.386
48.5403
149.064
98.8788
298.017
505.54
909.176
365.12
428.318
639.22
787.623
39.9322
44.7254
562.221
402.053
189.724
841.682
238.724
596.214
755.594
750.291
869.968
140.403
536.777
691.545
334.461
330.061
340.023
234.471
23.9476
352.083
338.857
72.4879
501.148
437.736
370.505
6.68759
346.912
735.626
435.006
986.132
523.248
474.938
30.8572
85.4692
876.991
220.581
927.152
115.714
816.795
682.746
866.005
686.763
823.148
402.782
378.308
157.609
732.843
718.331
392.08
756.791
70.4149
730.937
829.279
571.563
168.673
199.784
578.25
515.585
935.41
13.2558
501.717
458.658
488.194
532.574
544.128
365.184
753.156
471.279
480.899
569.951
154.025
346.904
256.714
977.173
749.687
635.023
134.782
482.53
353.354
526.862
239.321
423.769
257.799
68.5999
995.332
426.473
268.384
573.582
942.058
203.794
586.838
443.775
662.452
75.0315
976.35
206.58
440.216
729.505
677.859
921.115
299.456
831.884
268.019
556.17
809.057
17.7053
191.193
943.839
500.235
544.547
470.701
739.556
968.316
728.501
808.156
963.648
154.973
76.5405
537.23
97.0316
280.335
124.068
540.807
942.787
199.099
517.156
149.367
639.315
246.661
827.226
560.43
546.117
659.11
828.448
102.288
468.167
846.154
293.48
412.006
346.389
838.028
882.707
85.9455
806.344
611.207
894.102
769.992
766.181
970.642
307.222
863.212
250.977
431.289
404.019
193.764
630.388
921.176
343.131
269.703
167.837
170.357
830.133
713.954
829.467
658.582
816.242
297.633
504.735
109.723
709.639
851.124
947.75
592.346
937.07
754.094
203.553
831.172
524.085
969.734
801.814
831.307
832.946
52.7911
262.596
236.966
246.555
892.985
158.141
589.686
162.688
325.978
760.043
992.821
39.9328
589.509
651.403
856.175
887.143
156.138
965.897
596.781
7.26243
913.648
189.127
944.332
667.741
392.68
775.504
191.827
362.414
577.319
23.1338
195.361
630.11
285.73
432.326
876.665
178.715
590.468
466.35
341.403
916.446
226.393
334.224
956.379
815.902
985.626
812.554
703.045
141.764
778.451
299.826
149.027
692.099
488.953
93.3592
359.84
881.634
868.863
551.667
244.048
446.182
574.8
439.409
76.2915
860.531
871.735
952.956
39.2453
462.203
419.306
380.648
378.648
645.699
714.872
335.027
461.602
700.498
147.581
164.646
842.262
926.032
464.473
991.289
618.13
953.426
84.6482
977.97
835.06
953.512
529.637
79.1079
399.694
104.437
518.517
475.985
964.968
390.252
428.941
4.21311
852.454
848.248
384.861
231.102
493.947
99.7328
566.13
955.548
800.231
713.71
120.195
642.493
639.742
584.667
633.782
257.872
538.094
718.43
235.842
373.154
671.942
765.479
452.261
71.6356
869.916
970.778
547.621
834.884
361.03
976.562
839.097
213.484
824.81
223.958
444.586
318.756
323.691
10.7158
274.305
123.922
724.426
394.5
766.415
364.168
979.167
400.197
622.04
517.261
118.628
857.882
890.414
790.57
623.361
342.676
862.205
493.277
313.454
409.826
328.161
674.484
386.388
167.258
887.967
211.197
391.217
332.554
529.954
714.908
343.269
804.259
838.83
67.6953
198.758
605.245
431.863
177.925
5.44178
53.9029
695.186
124.069
911.785
585.6
914.639
535.146
928.276
776.844
28.423
241.73
186.67
356.584
916.213
573.058
523.843
804.181
784.255
915.059
136.734
314.209
629.967
480.004
118.467
468.797
547.699
317.225
74.0413
979.562
495.151
79.4831
33.4651
190.337
203.552
945.25
775.937
118.191
480.396
704.213
895.035
508.819
945.943
81.7052
865.403
862.156
654.763
389.246
666.337
439.018
304.305
803.071
753.227
934.272
283.075
871.694
403.069
830.774
188.92
477.11
810.336
684.07
556.594
843.801
874.407
760.146
789.051
650.344
878.337
269.447
354.557
773.373
778.266
300.499
855.078
643.669
162.655
509.841
32.9151
828.992
948.859
337.22
632.064
702.085
271.493
915.139
573.779
674.562
745.913
762.699
151.672
556.249
446.769
708.265
400.05
321.176
468.411
189.102
971.52
346.749
458.549
326.076
120.121
236.815
626.576
975.199
880.485
789.231
485.039
913.4
618.223
433.898
250.62
250.287
135.983
522.113
165.425
709.763
196.674
911.338
472.461
348.346
467.587
919.23
56.6116
867.637
240.406
525.023
56.739
211.926
871.772
515.288
538.002
991.893
752.104
164.578
967.092
632.588
953.809
452.131
545.988
572.032
886.029
796.608
822.319
22.0123
318.72
987.744
731.775
515.395
899.082
204.236
863.741
366.669
123.467
920.352
234.306
363.873
445.375
291.045
575.799
317.147
806.333
113.801
309.04
558.437
278.379
276.131
191.025
232.187
728.263
737.013
804.219
614.292
533.621
626.538
636.304
852.342
614.282
368.079
367.736
513.365
572.315
231.477
880.034
695.782
151.829
114.34
59.6544
597.204
405.385
635.453
914.351
211.719
749.254
223.391
770.156
27.6328
499.522
961.181
259.82
227.785
698.195
64.0395
842.077
231.816
690.578
478.381
84.1576
304.86
846.46
451.894
818.225
418.774
683.371
698.259
114.556
835.2
812.599
174.21
432.404
217.984
809.664
346.755
429.703
558.918
570.146
199.858
586.551
69.6689
161.039
846.371
297.454
859.234
910.41
139.531
91.0498
600.988
617.911
175.207
905.848
464.371
627.101
724.073
883.145
310.472
422.332
997.701
145.672
234.931
171.912
578.076
452.914
981.576
924.832
882.617
540.493
494.978
82.4752
127.044
564.647
243.515
973.415
862.101
102.749
883.825
1.63181
193.799
484.813
619.543
369.006
390.661
83.9142
996.107
114.735
967.06
306.58
537.067
964.761
452.252
771.997
136.673
30.3282
224.912
118.249
955.16
107.529
658.742
450.139
190.004
785.786
14.7857
433.519
759.2
876.887
536.267
643.025
878.519
730.066
127.839
498.062
99.0721
518.5
581.976
95.1794
633.235
549.036
401.759
170.302
513.797
854.011
942.299
650.47
884.339
167.211
768.718
839.499
274.74
427.46
289.638
464.743
213.246
304.423
898.262
972.447
181.31
434.53
615.472
59.8288
164.596
743.311
557.891
263.668
261.811
139.867
358.847
895.045
688.903
760.606
65.347
202.7
614.617
7.64607
853.169
498.956
174.857
621.888
338.455
449.596
49.3482
628.092
914.34
262.594
932.515
812.602
235.041
113.826
247.132
850.513
173.654
411.727
593.823
731.545
675.395
855.634
871.412
34.2419
750.679
560.315
794.848
816.026
763.014
409.465
823.672
616.184
908.42
998.529
238.072
246.875
448.126
287.42
874.967
362.466
550.014
807.483
175.068
785.055
921.308
422.199
635.568
94.9628
833.927
229.391
826.508
509.321
85.0247
697.92
543.563
835.704
258.235
338.411
651.73
21.2491
747.876
475.402
637.433
656.297
473.932
875.504
903.172
922.057
162.924
778.139
284.523
712.938
585.622
459.591
497.993
506.93
881.79
133.561
601.893
715.717
362.952
428.401
225.038
447.976
126.321
768.601
283.68
384.556
107.013
935.41
405.805
854.889
410.812
43.2375
511.186
884.744
918.742
414.357
806.801
81.6662
192.496
91.324
794.604
778.118
550.914
292.598
285.048
432.704
426.158
886.94
148.421
789.11
315.341
373.459
237.086
441.662
142.06
520.766
826.218
249.073
456.176
232.022
103.962
866.989
275.26
615.148
751.732
194.002
29.5051
558.534
275.668
222.001
649.858
70.2722
0.119006
200.772
362.87
285.167
633.477
789.028
172.107
781.897
578.138
487.448
155.356
815.224
929.11
297.417
335.99
755.328
546.49
792.166
987.35
650.452
659.155
262.61
265.6
410.887
456.611
295.105
969.421
732.279
517.107
619.278
802.551
517.226
820.05
165.421
802.392
453.527
954.449
974.5
235.424
532.587
461.948
390.781
347.811
391.058
688.198
683.801
146.386
234.688
475.967
133.736
885.14
135.122
396.346
150.74
546.009
852.957
445.846
515.43
585.236
962.953
134.708
387.788
480.178
954.759
553.209
282.571
408.286
507.658
257.07
643.71
40.2449
719.018
34.4909
388.056
110.077
722.689
71.8571
256.463
957.376
547.824
390.199
842.516
682.946
786.546
993.257
228.955
639.503
439.103
744.385
224.739
402.055
879.093
612.527
882.234
833.852
165.735
164.805
242.137
673.393
421.875
885.848
713.638
140.893
920.338
101.694
250.97
643.027
173.551
507.433
600.403
721.376
897.633
442.92
404.322
684.178
436.176
633.277
323.681
875.279
377.662
548.421
277.335
256.755
160.948
159.568
90.6069
326.683
324.373
332.744
0.0763168
746.248
218.592
713.715
887.141
138.93
815.409
138.112
781.957
988.96
645.545
382.361
710.336
543.178
825.28
114.658
227.356
261.457
747.935
551.038
136.736
125.597
99.4585
414.071
382.352
260.406
573.639
472.959
587.089
898.012
805.703
587.165
644.259
24.295
300.88
531.401
163.225
116.289
669.512
945.183
105.249
315.057
327.543
815.585
858.235
152.824
930.243
85.5915
414.281
678.177
636.629
551.017
803.774
736.088
965.087
186.126
996.494
538.726
659.085
583.583
436.737
464.788
170.748
80.9967
489.083
471.628
612.397
652.308
587.917
281.909
597.491
693.166
596.967
925.034
508.751
455.202
77.8581
438.993
540.793
492.139
117.171
177.422
43.1551
920.945
913.51
8.24217
107.071
910.004
546.968
766.157
493.587
983.705
230.945
664.335
64.7021
720.028
135.964
677.099
372.336
723.881
959.009
969.827
417.047
555.975
894.862
925.798
11.1771
972.72
364.791
551.97
464.858
481.962
729.393
508.014
402.907
642.903
516.256
509.979
552.907
63.2237
276.135
46.4944
46.929
507.08
710.83
111.631
227.108
846.794
788.731
599.444
570.674
747.739
569.271
987.721
303.715
464.133
913.519
314.892
436.852
278.31
866.862
901.711
760.272
596.255
409.724
163.179
239.158
925.98
673.158
792.065
989.204
949.293
838.56
36.1326
456.373
549.389
147.764
683.481
396.183
936.494
282.925
966.858
684.234
852.196
954.579
987.948
316.329
868.098
302.84
753.181
146.408
169.702
654.892
906.68
765.957
64.6159
69.859
5.11519
990.596
743.017
797.18
979.799
692.311
635.74
15.932
148.684
185.129
163.696
832.165
581.312
100.19
115.09
548.17
784.424
967.286
502.749
772.372
283.615
370.846
75.2125
36.7957
